2	1	0.511174
3	1	0.511148
4	1	0.511169
5	1	0.511174
6	1	0.511173
7	1	0.511166
9	1	0.511149
10	1	0.511158
11	1	0.511158
12	1	0.511169
13	1	0.511163
14	1	0.511168
15	1	0.511154
16	1	0.511196
17	1	0.511153
18	1	0.511138
19	1	0.511153
20	1	0.511198
21	1	0.511186
22	1	0.511191
23	1	0.511187
24	1	0.511165
25	1	0.511164
26	1	0.511163
27	1	0.511158
28	1	0.511165
29	1	0.511163
30	1	0.511151
31	1	0.511154
32	1	0.511163
33	1	0.511203
34	1	0.511174
35	1	0.511154
36	1	0.511195
37	1	0.511187
38	1	0.511195
39	1	0.511187
40	1	0.511208
41	1	0.51116
42	1	0.511163
43	1	0.511158
44	1	0.511187
45	1	0.511187
46	1	0.511204
47	1	0.511174
48	1	0.511185
49	1	0.511163
50	1	0.511198
51	1	0.511167
52	1	0.511172
53	1	0.511244
54	1	0.511173
55	1	0.511194
56	1	0.511194
57	1	0.511159
58	1	0.511202
59	1	0.511158
60	1	0.511198
61	1	0.51116
62	1	0.511192
63	1	0.511174
64	1	0.511208
65	1	0.511192
66	1	0.511233
67	1	0.511239
68	1	0.511174
69	1	0.511217
70	1	0.511242
71	1	0.511211
72	1	0.511208
73	1	0.511176
74	1	0.511195
75	1	0.511158
76	1	0.511168
77	1	0.511203
78	1	0.511203
79	1	0.5112
80	1	0.511225
81	1	0.511224
82	1	0.511225
83	1	0.511267
84	1	0.511217
85	1	0.511228
86	1	0.511211
87	1	0.511225
88	1	0.51122
89	1	0.51121
90	1	0.511222
91	1	0.511189
92	1	0.51117
93	1	0.511173
94	1	0.511208
95	1	0.511218
96	1	0.51128
97	1	0.511279
98	1	0.511211
99	1	0.511293
100	1	0.511273
101	1	0.511327
102	1	0.511227
103	1	0.511206
104	1	0.511277
105	1	0.511254
106	1	0.511258
107	1	0.511194
108	1	0.511213
109	1	0.511181
110	1	0.511162
111	1	0.511211
112	1	0.511219
113	1	0.511212
114	1	0.511259
115	1	0.51138
116	1	0.511448
117	1	0.51141
118	1	0.511404
119	1	0.511653
120	1	0.511399
121	1	0.511583
122	1	0.511352
123	1	0.511369
124	1	0.511266
125	1	0.511217
126	1	0.511205
127	1	0.511209
128	1	0.511192
129	1	0.51116
132	1	0.511184
133	1	0.511214
134	1	0.511197
135	1	0.51119
136	1	0.511227
137	1	0.511352
138	1	0.511311
139	1	0.511649
140	1	0.511586
141	1	0.511847
142	1	0.511949
143	1	0.511644
144	1	0.51167
145	1	0.51153
146	1	0.511446
147	1	0.511363
148	1	0.511199
149	1	0.5113
150	1	0.511196
151	1	0.51123
152	1	0.511187
153	1	0.511171
155	1	0.511162
156	1	0.511166
157	1	0.511237
158	1	0.51123
159	1	0.511222
160	1	0.511445
161	1	0.511727
162	1	0.511565
163	1	0.511886
164	1	0.511942
165	1	0.512232
166	1	0.513061
167	1	0.511878
168	1	0.512025
169	1	0.511901
170	1	0.511503
171	1	0.511557
172	1	0.511378
173	1	0.511216
174	1	0.511247
175	1	0.511218
176	1	0.511207
177	1	0.511211
178	1	0.511186
179	1	0.511145
180	1	0.511176
181	1	0.511189
182	1	0.511199
183	1	0.511192
184	1	0.511238
185	1	0.511412
186	1	0.511753
187	1	0.511696
188	1	0.511815
189	1	0.512665
190	1	0.512575
191	1	0.512637
192	1	0.517815
193	1	0.512613
194	1	0.512437
195	1	0.512912
196	1	0.512048
197	1	0.511779
198	1	0.511786
199	1	0.511471
200	1	0.511249
201	1	0.511195
202	1	0.511214
203	1	0.511198
204	1	0.511168
205	1	0.511157
206	1	0.511164
207	1	0.511168
208	1	0.511135
209	1	0.511122
210	1	0.511187
211	1	0.511182
212	1	0.511166
213	1	0.511263
214	1	0.51133
215	1	0.51138
216	1	0.511692
217	1	0.512025
218	1	0.51277
219	1	0.517844
220	1	0.517504
221	1	0.516158
222	1	0.524926
223	1	0.517042
224	1	0.516837
225	1	0.516796
226	1	0.512948
227	1	0.511963
228	1	0.511635
229	1	0.511496
230	1	0.51141
231	1	0.511221
232	1	0.511235
233	1	0.511196
234	1	0.511203
235	1	0.511178
236	1	0.51115
237	1	0.511184
238	1	0.511152
239	1	0.511131
240	1	0.51121
241	1	0.511231
242	1	0.511229
243	1	0.511254
244	1	0.511386
245	1	0.511615
246	1	0.511909
247	1	0.512674
248	1	0.517271
249	1	0.51779
250	1	0.524815
251	1	0.526639
252	1	0.538491
253	1	0.524849
254	1	0.525447
255	1	0.516529
256	1	0.513064
257	1	0.512915
258	1	0.512019
259	1	0.511618
260	1	0.511357
261	1	0.51129
262	1	0.511237
263	1	0.511209
264	1	0.511222
265	1	0.511176
266	1	0.511179
267	1	0.511161
268	1	0.511151
269	1	0.511195
270	1	0.511214
271	1	0.511198
272	1	0.511279
273	1	0.511473
274	1	0.511624
275	1	0.511877
276	1	0.512733
277	1	0.516608
278	1	0.52479
279	1	0.540426
280	1	0.539719
281	1	0.561016
282	1	0.54145
283	1	0.540699
284	1	0.525273
285	1	0.517594
286	1	0.512856
287	1	0.512024
288	1	0.511792
289	1	0.511393
290	1	0.511271
291	1	0.511213
292	1	0.511245
293	1	0.511183
294	1	0.511169
295	1	0.511176
296	1	0.511181
297	1	0.511179
298	1	0.511255
299	1	0.511439
300	1	0.511706
301	1	0.512294
302	1	0.512686
303	1	0.516115
304	1	0.523934
305	1	0.539515
306	1	0.562695
307	1	0.59801
308	1	0.563466
309	1	0.538402
310	1	0.524262
311	1	0.51591
312	1	0.512444
313	1	0.512095
314	1	0.511719
315	1	0.511404
316	1	0.511235
317	1	0.511188
318	1	0.511194
319	1	0.511189
320	1	0.511203
321	1	0.511181
322	1	0.511164
323	1	0.511217
324	1	0.511417
325	1	0.511756
326	1	0.512299
327	1	0.512908
328	1	0.516594
329	1	0.524753
330	1	0.537985
331	1	0.558985
332	1	0.592502
333	1	0.5888
334	1	0.562845
335	1	0.538994
336	1	0.526307
337	1	0.517028
338	1	0.512571
339	1	0.511865
340	1	0.511608
341	1	0.511264
342	1	0.511222
343	1	0.511261
344	1	0.511202
345	1	0.511167
346	1	0.511198
347	1	0.511185
348	1	0.511254
349	1	0.511239
350	1	0.511316
351	1	0.51168
352	1	0.512
353	1	0.512382
354	1	0.51694
355	1	0.524612
356	1	0.53867
357	1	0.564027
358	1	0.562088
359	1	0.560077
360	1	0.541193
361	1	0.524539
362	1	0.517245
363	1	0.512785
364	1	0.512111
365	1	0.51178
366	1	0.511413
367	1	0.511226
368	1	0.511248
369	1	0.511184
370	1	0.511215
371	1	0.511274
372	1	0.511364
373	1	0.51163
374	1	0.511808
375	1	0.513047
376	1	0.51763
377	1	0.524069
378	1	0.541652
379	1	0.5426
380	1	0.538729
381	1	0.538221
382	1	0.543146
383	1	0.52523
384	1	0.517983
385	1	0.512955
386	1	0.512119
387	1	0.5118
388	1	0.511467
389	1	0.511226
390	1	0.511195
391	1	0.511232
392	1	0.511241
393	1	0.511748
394	1	0.512083
395	1	0.512781
396	1	0.512771
397	1	0.517185
398	1	0.523065
399	1	0.524574
400	1	0.525045
401	1	0.523806
402	1	0.517186
403	1	0.512609
404	1	0.512679
405	1	0.511962
406	1	0.511637
407	1	0.511363
408	1	0.51121
409	1	0.51125
410	1	0.511297
411	1	0.511388
412	1	0.511685
413	1	0.512071
414	1	0.512799
415	1	0.512594
416	1	0.516943
417	1	0.516992
418	1	0.517191
419	1	0.517308
420	1	0.512843
421	1	0.512916
422	1	0.512141
423	1	0.511645
424	1	0.511374
425	1	0.511274
426	1	0.511269
427	1	0.511259
428	1	0.51116
429	1	0.511169
430	1	0.511261
431	1	0.511329
432	1	0.511677
433	1	0.51159
434	1	0.511988
435	1	0.51263
436	1	0.51306
437	1	0.512655
438	1	0.512871
439	1	0.51288
440	1	0.512694
441	1	0.513008
442	1	0.512002
443	1	0.511761
444	1	0.511765
445	1	0.511451
446	1	0.511203
447	1	0.511315
448	1	0.511541
449	1	0.511911
450	1	0.511968
451	1	0.511909
452	1	0.511985
453	1	0.512107
454	1	0.511263
455	1	0.511331
456	1	0.511579
457	1	0.511558
458	1	0.511539
459	1	0.511579
460	1	0.511311
461	1	0.511297
462	1	0.511345
463	1	0.511422
464	1	0.511418
465	1	0.511264
466	1	0.511264
467	1	0.511288
468	1	0.511267
469	1	0.511245
470	1	0.511204
471	1	0.511246
472	1	0.511222
