2	1	17
3	1	17
4	1	17
5	1	17
6	1	17
7	1	17
9	1	17
10	1	17
11	1	17
12	1	17
13	1	17
14	1	17
15	1	17
16	1	17
17	1	17
18	1	17
19	1	17
20	1	17
21	1	17
22	1	17
23	1	17
24	1	17
25	1	17
26	1	17
27	1	17
28	1	17
29	1	17
30	1	17
31	1	17
32	1	17
33	1	17
34	1	17
35	1	17
36	1	17
37	1	17
38	1	17
39	1	17
40	1	17
41	1	17
42	1	17
43	1	17
44	1	17
45	1	17
46	1	17
47	1	17
48	1	17
49	1	17
50	1	17
51	1	17
52	1	17
53	1	17
54	1	17
55	1	17
56	1	17
57	1	17
58	1	17
59	1	17
60	1	17
61	1	17
62	1	17
63	1	17
64	1	17
65	1	17
66	1	17
67	1	17
68	1	17
69	1	17
70	1	17
71	1	17
72	1	17
73	1	17
74	1	17
75	1	17
76	1	17
77	1	17
78	1	17
79	1	17
80	1	17
81	1	17
82	1	17
83	1	17
84	1	17
85	1	17
86	1	17
87	1	17
88	1	17
89	1	17
90	1	17
91	1	17
92	1	17
93	1	17
94	1	17
95	1	17
96	1	17
97	1	17
98	1	17
99	1	17
100	1	17
101	1	17
102	1	17
103	1	17
104	1	17
105	1	17
106	1	17
107	1	17
108	1	17
109	1	17
110	1	17
111	1	17
112	1	17
113	1	17
114	1	17
115	1	17
116	1	17
117	1	17
118	1	17
119	1	17
120	1	17
121	1	17
122	1	17
123	1	17
124	1	17
125	1	17
126	1	17
127	1	17
128	1	17
129	1	17
132	1	17
133	1	17
134	1	17
135	1	17
136	1	17
137	1	17
138	1	17
139	1	17
140	1	17
141	1	17
142	1	17
143	1	17
144	1	17
145	1	17
146	1	17
147	1	17
148	1	17
149	1	17
150	1	17
151	1	17
152	1	17
153	1	17
155	1	17
156	1	17
157	1	17
158	1	17
159	1	17
160	1	17
161	1	17
162	1	17
163	1	17
164	1	17
165	1	17
166	1	17
167	1	17
168	1	17
169	1	17
170	1	17
171	1	17
172	1	17
173	1	17
174	1	17
175	1	17
176	1	17
177	1	17
178	1	17
179	1	17
180	1	17
181	1	17
182	1	17
183	1	17
184	1	17
185	1	17
186	1	17
187	1	17
188	1	17
189	1	17
190	1	17
191	1	17
192	1	17
193	1	17
194	1	17
195	1	17
196	1	17
197	1	17
198	1	17
199	1	17
200	1	17
201	1	17
202	1	17
203	1	17
204	1	17
205	1	17
206	1	17
207	1	17
208	1	17
209	1	17
210	1	17
211	1	17
212	1	17
213	1	17
214	1	17
215	1	17
216	1	17
217	1	17
218	1	17
219	1	17
220	1	17
221	1	17
222	1	17
223	1	17
224	1	17
225	1	17
226	1	17
227	1	17
228	1	17
229	1	17
230	1	17
231	1	17
232	1	17
233	1	17
234	1	17
235	1	17
236	1	17
237	1	17
238	1	17
239	1	17
240	1	17
241	1	17
242	1	17
243	1	17
244	1	17
245	1	17
246	1	17
247	1	17
248	1	17
249	1	17
250	1	17
251	1	17
252	1	17
253	1	17
254	1	17
255	1	17
256	1	17
257	1	17
258	1	17
259	1	17
260	1	17
261	1	17
262	1	17
263	1	17
264	1	17
265	1	17
266	1	17
267	1	17
268	1	17
269	1	17
270	1	17
271	1	17
272	1	17
273	1	17
274	1	17
275	1	17
276	1	17
277	1	17
278	1	17
279	1	17
280	1	17
281	1	17
282	1	17
283	1	17
284	1	17
285	1	17
286	1	17
287	1	17
288	1	17
289	1	17
290	1	17
291	1	17
292	1	17
293	1	17
294	1	17
295	1	17
296	1	17
297	1	17
298	1	17
299	1	17
300	1	17
301	1	17
302	1	17
303	1	17
304	1	17
305	1	17
306	1	17
307	1	17
308	1	17
309	1	17
310	1	17
311	1	17
312	1	17
313	1	17
314	1	17
315	1	17
316	1	17
317	1	17
318	1	17
319	1	17
320	1	17
321	1	17
322	1	17
323	1	17
324	1	17
325	1	17
326	1	17
327	1	17
328	1	17
329	1	17
330	1	17
331	1	17
332	1	17
333	1	17
334	1	17
335	1	17
336	1	17
337	1	17
338	1	17
339	1	17
340	1	17
341	1	17
342	1	17
343	1	17
344	1	17
345	1	17
346	1	17
347	1	17
348	1	17
349	1	17
350	1	17
351	1	17
352	1	17
353	1	17
354	1	17
355	1	17
356	1	17
357	1	17
358	1	17
359	1	17
360	1	17
361	1	17
362	1	17
363	1	17
364	1	17
365	1	17
366	1	17
367	1	17
368	1	17
369	1	17
370	1	17
371	1	17
372	1	17
373	1	17
374	1	17
375	1	17
376	1	17
377	1	17
378	1	17
379	1	17
380	1	17
381	1	17
382	1	17
383	1	17
384	1	17
385	1	17
386	1	17
387	1	17
388	1	17
389	1	17
390	1	17
391	1	17
392	1	17
393	1	17
394	1	17
395	1	17
396	1	17
397	1	17
398	1	17
399	1	17
400	1	17
401	1	17
402	1	17
403	1	17
404	1	17
405	1	17
406	1	17
407	1	17
408	1	17
409	1	17
410	1	17
411	1	17
412	1	17
413	1	17
414	1	17
415	1	17
416	1	17
417	1	17
418	1	17
419	1	17
420	1	17
421	1	17
422	1	17
423	1	17
424	1	17
425	1	17
426	1	17
427	1	17
428	1	17
429	1	17
430	1	17
431	1	17
432	1	17
433	1	17
434	1	17
435	1	17
436	1	17
437	1	17
438	1	17
439	1	17
440	1	17
441	1	17
442	1	17
443	1	17
444	1	17
445	1	17
446	1	17
447	1	17
448	1	17
449	1	17
450	1	17
451	1	17
452	1	17
453	1	17
454	1	17
455	1	17
456	1	17
457	1	17
458	1	17
459	1	17
460	1	17
461	1	17
462	1	17
463	1	17
464	1	17
465	1	17
466	1	17
467	1	17
468	1	17
469	1	17
470	1	17
471	1	17
472	1	17
2	2	34
3	2	34
4	2	34
5	2	34
6	2	34
7	2	34
9	2	34
10	2	34
11	2	34
12	2	34
13	2	34
14	2	34
15	2	34
16	2	34
17	2	34
18	2	34
19	2	34
20	2	34
21	2	34
22	2	34
23	2	34
24	2	34
25	2	34
26	2	34
27	2	34
28	2	34
29	2	34
30	2	34
31	2	34
32	2	34
33	2	34
34	2	34
35	2	34
36	2	34
37	2	34
38	2	34
39	2	34
40	2	34
41	2	34
42	2	34
43	2	34
44	2	34
45	2	34
46	2	34
47	2	34
48	2	34
49	2	34
50	2	34
51	2	34
52	2	34
53	2	34
54	2	34
55	2	34
56	2	34
57	2	34
58	2	34
59	2	34
60	2	34
61	2	34
62	2	34
63	2	34
64	2	34
65	2	34
66	2	34
67	2	34
68	2	34
69	2	34
70	2	34
71	2	34
72	2	34
73	2	34
74	2	34
75	2	34
76	2	34
77	2	34
78	2	34
79	2	34
80	2	34
81	2	34
82	2	34
83	2	34
84	2	34
85	2	34
86	2	34
87	2	34
88	2	34
89	2	34
90	2	34
91	2	34
92	2	34
93	2	34
94	2	34
95	2	34
96	2	34
97	2	34
98	2	34
99	2	34
100	2	34
101	2	34
102	2	34
103	2	34
104	2	34
105	2	34
106	2	34
107	2	34
108	2	34
109	2	34
110	2	34
111	2	34
112	2	34
113	2	34
114	2	34
115	2	34
116	2	34
117	2	34
118	2	34
119	2	34
120	2	34
121	2	34
122	2	34
123	2	34
124	2	34
125	2	34
126	2	34
127	2	34
128	2	34
129	2	34
132	2	34
133	2	34
134	2	34
135	2	34
136	2	34
137	2	34
138	2	34
139	2	34
140	2	34
141	2	34
142	2	34
143	2	34
144	2	34
145	2	34
146	2	34
147	2	34
148	2	34
149	2	34
150	2	34
151	2	34
152	2	34
153	2	34
155	2	34
156	2	34
157	2	34
158	2	34
159	2	34
160	2	34
161	2	34
162	2	34
163	2	34
164	2	34
165	2	34
166	2	34
167	2	34
168	2	34
169	2	34
170	2	34
171	2	34
172	2	34
173	2	34
174	2	34
175	2	34
176	2	34
177	2	34
178	2	34
179	2	34
180	2	34
181	2	34
182	2	34
183	2	34
184	2	34
185	2	34
186	2	34
187	2	34
188	2	34
189	2	34
190	2	34
191	2	34
192	2	34
193	2	34
194	2	34
195	2	34
196	2	34
197	2	34
198	2	34
199	2	34
200	2	34
201	2	34
202	2	34
203	2	34
204	2	34
205	2	34
206	2	34
207	2	34
208	2	34
209	2	34
210	2	34
211	2	34
212	2	34
213	2	34
214	2	34
215	2	34
216	2	34
217	2	34
218	2	34
219	2	34
220	2	34
221	2	34
222	2	34
223	2	34
224	2	34
225	2	34
226	2	34
227	2	34
228	2	34
229	2	34
230	2	34
231	2	34
232	2	34
233	2	34
234	2	34
235	2	34
236	2	34
237	2	34
238	2	34
239	2	34
240	2	34
241	2	34
242	2	34
243	2	34
244	2	34
245	2	34
246	2	34
247	2	34
248	2	34
249	2	34
250	2	34
251	2	34
252	2	34
253	2	34
254	2	34
255	2	34
256	2	34
257	2	34
258	2	34
259	2	34
260	2	34
261	2	34
262	2	34
263	2	34
264	2	34
265	2	34
266	2	34
267	2	34
268	2	34
269	2	34
270	2	34
271	2	34
272	2	34
273	2	34
274	2	34
275	2	34
276	2	34
277	2	34
278	2	34
279	2	34
280	2	34
281	2	34
282	2	34
283	2	34
284	2	34
285	2	34
286	2	34
287	2	34
288	2	34
289	2	34
290	2	34
291	2	34
292	2	34
293	2	34
294	2	34
295	2	34
296	2	34
297	2	34
298	2	34
299	2	34
300	2	34
301	2	34
302	2	34
303	2	34
304	2	34
305	2	34
306	2	34
307	2	34
308	2	34
309	2	34
310	2	34
311	2	34
312	2	34
313	2	34
314	2	34
315	2	34
316	2	34
317	2	34
318	2	34
319	2	34
320	2	34
321	2	34
322	2	34
323	2	34
324	2	34
325	2	34
326	2	34
327	2	34
328	2	34
329	2	34
330	2	34
331	2	34
332	2	34
333	2	34
334	2	34
335	2	34
336	2	34
337	2	34
338	2	34
339	2	34
340	2	34
341	2	34
342	2	34
343	2	34
344	2	34
345	2	34
346	2	34
347	2	34
348	2	34
349	2	34
350	2	34
351	2	34
352	2	34
353	2	34
354	2	34
355	2	34
356	2	34
357	2	34
358	2	34
359	2	34
360	2	34
361	2	34
362	2	34
363	2	34
364	2	34
365	2	34
366	2	34
367	2	34
368	2	34
369	2	34
370	2	34
371	2	34
372	2	34
373	2	34
374	2	34
375	2	34
376	2	34
377	2	34
378	2	34
379	2	34
380	2	34
381	2	34
382	2	34
383	2	34
384	2	34
385	2	34
386	2	34
387	2	34
388	2	34
389	2	34
390	2	34
391	2	34
392	2	34
393	2	34
394	2	34
395	2	34
396	2	34
397	2	34
398	2	34
399	2	34
400	2	34
401	2	34
402	2	34
403	2	34
404	2	34
405	2	34
406	2	34
407	2	34
408	2	34
409	2	34
410	2	34
411	2	34
412	2	34
413	2	34
414	2	34
415	2	34
416	2	34
417	2	34
418	2	34
419	2	34
420	2	34
421	2	34
422	2	34
423	2	34
424	2	34
425	2	34
426	2	34
427	2	34
428	2	34
429	2	34
430	2	34
431	2	34
432	2	34
433	2	34
434	2	34
435	2	34
436	2	34
437	2	34
438	2	34
439	2	34
440	2	34
441	2	34
442	2	34
443	2	34
444	2	34
445	2	34
446	2	34
447	2	34
448	2	34
449	2	34
450	2	34
451	2	34
452	2	34
453	2	34
454	2	34
455	2	34
456	2	34
457	2	34
458	2	34
459	2	34
460	2	34
461	2	34
462	2	34
463	2	34
464	2	34
465	2	34
466	2	34
467	2	34
468	2	34
469	2	34
470	2	34
471	2	34
472	2	34
2	3	69
3	3	69
4	3	69
5	3	69
6	3	51
7	3	69
9	3	51
10	3	51
11	3	51
12	3	51
13	3	51
14	3	51
15	3	51
16	3	69
17	3	51
18	3	51
19	3	51
20	3	51
21	3	51
22	3	51
23	3	51
24	3	51
25	3	69
26	3	69
27	3	69
28	3	69
29	3	69
30	3	69
31	3	51
32	3	51
33	3	51
34	3	51
35	3	51
36	3	51
37	3	51
38	3	69
39	3	69
40	3	69
41	3	69
42	3	69
43	3	69
44	3	69
45	3	51
46	3	51
47	3	51
48	3	51
49	3	51
50	3	51
51	3	69
52	3	69
53	3	69
54	3	51
55	3	51
56	3	51
57	3	51
58	3	51
59	3	51
60	3	51
61	3	69
62	3	69
63	3	69
64	3	69
65	3	69
66	3	69
67	3	69
68	3	51
69	3	51
70	3	51
71	3	51
72	3	51
73	3	51
74	3	69
75	3	69
76	3	69
77	3	69
78	3	69
79	3	69
80	3	69
81	3	69
82	3	51
83	3	51
84	3	69
85	3	69
86	3	69
87	3	69
88	3	69
89	3	69
90	3	69
91	3	69
92	3	69
93	3	69
94	3	51
95	3	51
96	3	51
97	3	69
98	3	69
99	3	69
100	3	51
101	3	51
102	3	51
103	3	51
104	3	51
105	3	51
106	3	69
107	3	69
108	3	69
109	3	69
110	3	69
111	3	51
112	3	51
113	3	51
114	3	51
115	3	51
116	3	51
117	3	51
118	3	51
119	3	51
120	3	51
121	3	51
122	3	51
123	3	69
124	3	69
125	3	69
126	3	51
127	3	51
128	3	69
129	3	69
132	3	51
133	3	51
134	3	51
135	3	51
136	3	51
137	3	51
138	3	51
139	3	51
140	3	51
141	3	51
142	3	51
143	3	51
144	3	51
145	3	51
146	3	51
147	3	51
148	3	51
149	3	51
150	3	51
151	3	69
152	3	69
153	3	69
155	3	69
156	3	51
157	3	51
158	3	51
159	3	51
160	3	51
161	3	51
162	3	51
163	3	51
164	3	51
165	3	51
166	3	51
167	3	51
168	3	51
169	3	51
170	3	51
171	3	51
172	3	51
173	3	51
174	3	69
175	3	69
176	3	69
177	3	69
178	3	69
179	3	69
180	3	69
181	3	69
182	3	69
183	3	51
184	3	51
185	3	51
186	3	51
187	3	51
188	3	51
189	3	51
190	3	51
191	3	51
192	3	51
193	3	51
194	3	51
195	3	51
196	3	51
197	3	51
198	3	51
199	3	51
200	3	51
201	3	69
202	3	51
203	3	51
204	3	51
205	3	69
206	3	69
207	3	69
208	3	69
209	3	51
210	3	69
211	3	69
212	3	69
213	3	51
214	3	51
215	3	51
216	3	51
217	3	51
218	3	51
219	3	51
220	3	51
221	3	51
222	3	51
223	3	51
224	3	51
225	3	51
226	3	51
227	3	51
228	3	51
229	3	51
230	3	51
231	3	51
232	3	51
233	3	51
234	3	51
235	3	51
236	3	69
237	3	69
238	3	69
239	3	69
240	3	69
241	3	69
242	3	69
243	3	51
244	3	51
245	3	51
246	3	51
247	3	51
248	3	51
249	3	51
250	3	51
251	3	51
252	3	51
253	3	51
254	3	51
255	3	51
256	3	51
257	3	51
258	3	51
259	3	51
260	3	51
261	3	51
262	3	51
263	3	51
264	3	51
265	3	51
266	3	69
267	3	69
268	3	69
269	3	69
270	3	69
271	3	51
272	3	51
273	3	51
274	3	51
275	3	51
276	3	51
277	3	51
278	3	51
279	3	51
280	3	51
281	3	51
282	3	51
283	3	51
284	3	51
285	3	51
286	3	51
287	3	51
288	3	51
289	3	51
290	3	51
291	3	51
292	3	51
293	3	69
294	3	69
295	3	69
296	3	69
297	3	69
298	3	51
299	3	51
300	3	51
301	3	51
302	3	51
303	3	51
304	3	51
305	3	51
306	3	51
307	3	51
308	3	51
309	3	51
310	3	51
311	3	51
312	3	51
313	3	51
314	3	51
315	3	51
316	3	51
317	3	51
318	3	69
319	3	69
320	3	69
321	3	69
322	3	69
323	3	51
324	3	51
325	3	51
326	3	51
327	3	51
328	3	51
329	3	51
330	3	51
331	3	69
332	3	51
333	3	51
334	3	51
335	3	51
336	3	51
337	3	51
338	3	51
339	3	51
340	3	51
341	3	51
342	3	69
343	3	69
344	3	69
345	3	69
346	3	69
347	3	69
348	3	69
349	3	51
350	3	51
351	3	51
352	3	51
353	3	51
354	3	51
355	3	51
356	3	69
357	3	51
358	3	69
359	3	51
360	3	51
361	3	51
362	3	51
363	3	51
364	3	51
365	3	51
366	3	51
367	3	69
368	3	69
369	3	69
370	3	69
371	3	51
372	3	51
373	3	51
374	3	51
375	3	51
376	3	51
377	3	51
378	3	69
379	3	69
380	3	69
381	3	51
382	3	51
383	3	51
384	3	51
385	3	51
386	3	69
387	3	69
388	3	69
389	3	69
390	3	69
391	3	51
392	3	51
393	3	51
394	3	51
395	3	51
396	3	51
397	3	69
398	3	51
399	3	69
400	3	69
401	3	51
402	3	51
403	3	51
404	3	51
405	3	69
406	3	69
407	3	69
408	3	69
409	3	69
410	3	51
411	3	51
412	3	51
413	3	51
414	3	69
415	3	69
416	3	51
417	3	51
418	3	51
419	3	51
420	3	51
421	3	51
422	3	51
423	3	69
424	3	69
425	3	69
426	3	51
427	3	69
428	3	69
429	3	69
430	3	69
431	3	51
432	3	51
433	3	69
434	3	51
435	3	51
436	3	51
437	3	51
438	3	69
439	3	69
440	3	69
441	3	69
442	3	69
443	3	69
444	3	69
445	3	69
446	3	51
447	3	51
448	3	51
449	3	51
450	3	51
451	3	69
452	3	69
453	3	69
454	3	69
455	3	51
456	3	51
457	3	51
458	3	51
459	3	69
460	3	51
461	3	51
462	3	51
463	3	69
464	3	69
465	3	51
466	3	51
467	3	69
468	3	69
469	3	51
470	3	51
471	3	69
472	3	69
2	4	104
3	4	104
4	4	104
5	4	104
6	4	68
7	4	104
9	4	68
10	4	68
11	4	68
12	4	68
13	4	68
14	4	68
15	4	68
16	4	104
17	4	68
18	4	68
19	4	68
20	4	68
21	4	68
22	4	68
23	4	68
24	4	68
25	4	104
26	4	104
27	4	104
28	4	104
29	4	104
30	4	104
31	4	68
32	4	68
33	4	68
34	4	68
35	4	68
36	4	68
37	4	68
38	4	104
39	4	104
40	4	104
41	4	104
42	4	104
43	4	104
44	4	104
45	4	68
46	4	68
47	4	68
48	4	68
49	4	68
50	4	68
51	4	104
52	4	104
53	4	104
54	4	68
55	4	68
56	4	68
57	4	68
58	4	68
59	4	68
60	4	68
61	4	104
62	4	104
63	4	104
64	4	104
65	4	104
66	4	104
67	4	104
68	4	68
69	4	68
70	4	68
71	4	68
72	4	68
73	4	68
74	4	104
75	4	104
76	4	104
77	4	104
78	4	104
79	4	104
80	4	104
81	4	104
82	4	68
83	4	68
84	4	104
85	4	104
86	4	104
87	4	104
88	4	104
89	4	104
90	4	104
91	4	104
92	4	104
93	4	104
94	4	68
95	4	68
96	4	68
97	4	104
98	4	104
99	4	104
100	4	68
101	4	68
102	4	68
103	4	68
104	4	68
105	4	86
106	4	104
107	4	104
108	4	104
109	4	104
110	4	104
111	4	68
112	4	68
113	4	68
114	4	68
115	4	68
116	4	86
117	4	68
118	4	68
119	4	68
120	4	68
121	4	68
122	4	68
123	4	104
124	4	104
125	4	104
126	4	68
127	4	68
128	4	104
129	4	104
132	4	68
133	4	68
134	4	68
135	4	68
136	4	68
137	4	68
138	4	68
139	4	68
140	4	68
141	4	68
142	4	68
143	4	68
144	4	68
145	4	68
146	4	68
147	4	68
148	4	68
149	4	68
150	4	68
151	4	104
152	4	104
153	4	104
155	4	104
156	4	68
157	4	68
158	4	68
159	4	86
160	4	68
161	4	68
162	4	68
163	4	68
164	4	68
165	4	68
166	4	68
167	4	68
168	4	68
169	4	68
170	4	68
171	4	68
172	4	68
173	4	68
174	4	104
175	4	104
176	4	104
177	4	104
178	4	104
179	4	104
180	4	104
181	4	104
182	4	104
183	4	68
184	4	68
185	4	68
186	4	68
187	4	68
188	4	68
189	4	68
190	4	68
191	4	68
192	4	68
193	4	68
194	4	68
195	4	68
196	4	68
197	4	68
198	4	68
199	4	68
200	4	68
201	4	104
202	4	68
203	4	68
204	4	68
205	4	104
206	4	104
207	4	104
208	4	104
209	4	68
210	4	104
211	4	104
212	4	104
213	4	68
214	4	68
215	4	68
216	4	68
217	4	68
218	4	68
219	4	68
220	4	68
221	4	68
222	4	68
223	4	68
224	4	68
225	4	68
226	4	68
227	4	68
228	4	68
229	4	68
230	4	68
231	4	68
232	4	68
233	4	68
234	4	68
235	4	68
236	4	104
237	4	104
238	4	104
239	4	104
240	4	104
241	4	104
242	4	104
243	4	68
244	4	68
245	4	68
246	4	68
247	4	68
248	4	68
249	4	68
250	4	68
251	4	68
252	4	68
253	4	68
254	4	68
255	4	68
256	4	68
257	4	68
258	4	68
259	4	68
260	4	68
261	4	68
262	4	68
263	4	68
264	4	68
265	4	68
266	4	104
267	4	104
268	4	104
269	4	104
270	4	104
271	4	68
272	4	68
273	4	68
274	4	68
275	4	68
276	4	68
277	4	68
278	4	68
279	4	68
280	4	68
281	4	68
282	4	68
283	4	68
284	4	68
285	4	68
286	4	68
287	4	68
288	4	68
289	4	68
290	4	68
291	4	68
292	4	68
293	4	104
294	4	104
295	4	104
296	4	104
297	4	104
298	4	68
299	4	68
300	4	68
301	4	68
302	4	68
303	4	68
304	4	68
305	4	68
306	4	68
307	4	68
308	4	68
309	4	68
310	4	68
311	4	68
312	4	68
313	4	68
314	4	68
315	4	68
316	4	68
317	4	75
318	4	104
319	4	104
320	4	104
321	4	104
322	4	104
323	4	68
324	4	68
325	4	68
326	4	68
327	4	68
328	4	68
329	4	68
330	4	68
331	4	104
332	4	68
333	4	68
334	4	68
335	4	68
336	4	68
337	4	68
338	4	68
339	4	68
340	4	68
341	4	68
342	4	104
343	4	104
344	4	104
345	4	104
346	4	104
347	4	104
348	4	104
349	4	68
350	4	68
351	4	68
352	4	68
353	4	68
354	4	68
355	4	68
356	4	104
357	4	68
358	4	104
359	4	68
360	4	68
361	4	68
362	4	68
363	4	68
364	4	68
365	4	68
366	4	68
367	4	104
368	4	104
369	4	104
370	4	104
371	4	68
372	4	68
373	4	68
374	4	68
375	4	68
376	4	68
377	4	68
378	4	104
379	4	104
380	4	104
381	4	68
382	4	68
383	4	68
384	4	68
385	4	68
386	4	104
387	4	104
388	4	104
389	4	104
390	4	104
391	4	68
392	4	68
393	4	68
394	4	68
395	4	68
396	4	68
397	4	104
398	4	68
399	4	104
400	4	104
401	4	68
402	4	68
403	4	68
404	4	68
405	4	104
406	4	104
407	4	104
408	4	104
409	4	104
410	4	68
411	4	68
412	4	68
413	4	68
414	4	104
415	4	104
416	4	68
417	4	68
418	4	68
419	4	68
420	4	68
421	4	68
422	4	68
423	4	104
424	4	104
425	4	104
426	4	68
427	4	104
428	4	104
429	4	104
430	4	104
431	4	68
432	4	68
433	4	104
434	4	68
435	4	68
436	4	68
437	4	68
438	4	104
439	4	104
440	4	104
441	4	104
442	4	104
443	4	104
444	4	104
445	4	104
446	4	68
447	4	68
448	4	68
449	4	68
450	4	68
451	4	104
452	4	104
453	4	104
454	4	104
455	4	68
456	4	68
457	4	68
458	4	86
459	4	104
460	4	68
461	4	68
462	4	68
463	4	104
464	4	104
465	4	68
466	4	68
467	4	104
468	4	104
469	4	68
470	4	68
471	4	104
472	4	104
2	5	139
3	5	139
4	5	139
5	5	139
6	5	85
7	5	139
9	5	85
10	5	85
11	5	85
12	5	85
13	5	85
14	5	85
15	5	85
16	5	139
17	5	85
18	5	85
19	5	85
20	5	85
21	5	85
22	5	85
23	5	85
24	5	85
25	5	139
26	5	139
27	5	139
28	5	139
29	5	139
30	5	139
31	5	85
32	5	85
33	5	85
34	5	85
35	5	85
36	5	85
37	5	85
38	5	139
39	5	139
40	5	139
41	5	139
42	5	139
43	5	139
44	5	139
45	5	85
46	5	85
47	5	85
48	5	85
49	5	85
50	5	85
51	5	139
52	5	139
53	5	139
54	5	85
55	5	85
56	5	85
57	5	85
58	5	85
59	5	85
60	5	85
61	5	139
62	5	139
63	5	139
64	5	139
65	5	139
66	5	139
67	5	139
68	5	85
69	5	85
70	5	85
71	5	85
72	5	85
73	5	85
74	5	139
75	5	139
76	5	139
77	5	139
78	5	139
79	5	139
80	5	139
81	5	139
82	5	85
83	5	85
84	5	139
85	5	139
86	5	139
87	5	139
88	5	139
89	5	139
90	5	139
91	5	139
92	5	139
93	5	139
94	5	85
95	5	85
96	5	85
97	5	139
98	5	139
99	5	139
100	5	85
101	5	85
102	5	85
103	5	85
104	5	85
105	5	121
106	5	139
107	5	139
108	5	139
109	5	139
110	5	139
111	5	85
112	5	85
113	5	85
114	5	85
115	5	85
116	5	121
117	5	85
118	5	85
119	5	85
120	5	85
121	5	85
122	5	85
123	5	139
124	5	139
125	5	139
126	5	85
127	5	85
128	5	139
129	5	139
132	5	85
133	5	85
134	5	85
135	5	85
136	5	85
137	5	85
138	5	85
139	5	85
140	5	85
141	5	85
142	5	85
143	5	85
144	5	85
145	5	85
146	5	85
147	5	85
148	5	85
149	5	85
150	5	85
151	5	139
152	5	139
153	5	139
155	5	139
156	5	85
157	5	85
158	5	85
159	5	121
160	5	85
161	5	85
162	5	85
163	5	85
164	5	85
165	5	85
166	5	85
167	5	85
168	5	85
169	5	85
170	5	85
171	5	85
172	5	85
173	5	85
174	5	139
175	5	139
176	5	139
177	5	139
178	5	139
179	5	139
180	5	139
181	5	139
182	5	139
183	5	85
184	5	85
185	5	85
186	5	85
187	5	85
188	5	85
189	5	85
190	5	85
191	5	85
192	5	85
193	5	85
194	5	85
195	5	85
196	5	85
197	5	85
198	5	85
199	5	85
200	5	85
201	5	139
202	5	85
203	5	85
204	5	85
205	5	139
206	5	139
207	5	139
208	5	139
209	5	85
210	5	139
211	5	139
212	5	139
213	5	85
214	5	85
215	5	85
216	5	85
217	5	85
218	5	85
219	5	85
220	5	85
221	5	85
222	5	85
223	5	85
224	5	85
225	5	85
226	5	85
227	5	85
228	5	85
229	5	85
230	5	85
231	5	85
232	5	85
233	5	85
234	5	85
235	5	85
236	5	139
237	5	139
238	5	139
239	5	139
240	5	139
241	5	139
242	5	139
243	5	85
244	5	85
245	5	85
246	5	85
247	5	85
248	5	85
249	5	85
250	5	85
251	5	85
252	5	85
253	5	85
254	5	85
255	5	85
256	5	85
257	5	85
258	5	85
259	5	85
260	5	85
261	5	85
262	5	85
263	5	85
264	5	85
265	5	85
266	5	139
267	5	139
268	5	139
269	5	139
270	5	139
271	5	85
272	5	85
273	5	85
274	5	85
275	5	85
276	5	85
277	5	85
278	5	85
279	5	85
280	5	85
281	5	85
282	5	85
283	5	85
284	5	85
285	5	85
286	5	85
287	5	85
288	5	85
289	5	85
290	5	85
291	5	85
292	5	85
293	5	139
294	5	139
295	5	139
296	5	139
297	5	139
298	5	85
299	5	85
300	5	85
301	5	85
302	5	85
303	5	85
304	5	85
305	5	85
306	5	85
307	5	85
308	5	85
309	5	85
310	5	85
311	5	85
312	5	85
313	5	85
314	5	85
315	5	85
316	5	85
317	5	110
318	5	139
319	5	139
320	5	139
321	5	139
322	5	139
323	5	85
324	5	85
325	5	85
326	5	85
327	5	85
328	5	85
329	5	85
330	5	85
331	5	139
332	5	85
333	5	85
334	5	85
335	5	85
336	5	85
337	5	85
338	5	85
339	5	85
340	5	85
341	5	85
342	5	139
343	5	139
344	5	139
345	5	139
346	5	139
347	5	139
348	5	139
349	5	85
350	5	85
351	5	85
352	5	85
353	5	85
354	5	85
355	5	85
356	5	139
357	5	85
358	5	139
359	5	85
360	5	85
361	5	85
362	5	85
363	5	85
364	5	85
365	5	85
366	5	85
367	5	139
368	5	139
369	5	139
370	5	139
371	5	85
372	5	85
373	5	85
374	5	85
375	5	85
376	5	85
377	5	85
378	5	139
379	5	139
380	5	139
381	5	85
382	5	85
383	5	85
384	5	85
385	5	85
386	5	139
387	5	139
388	5	139
389	5	139
390	5	139
391	5	85
392	5	85
393	5	85
394	5	85
395	5	85
396	5	85
397	5	139
398	5	85
399	5	139
400	5	139
401	5	85
402	5	85
403	5	85
404	5	85
405	5	139
406	5	139
407	5	139
408	5	139
409	5	139
410	5	85
411	5	85
412	5	85
413	5	85
414	5	139
415	5	139
416	5	85
417	5	85
418	5	85
419	5	85
420	5	85
421	5	85
422	5	85
423	5	139
424	5	139
425	5	139
426	5	85
427	5	139
428	5	139
429	5	139
430	5	139
431	5	85
432	5	85
433	5	139
434	5	85
435	5	85
436	5	85
437	5	85
438	5	139
439	5	139
440	5	139
441	5	139
442	5	139
443	5	139
444	5	139
445	5	139
446	5	85
447	5	85
448	5	85
449	5	85
450	5	85
451	5	139
452	5	139
453	5	139
454	5	139
455	5	85
456	5	85
457	5	85
458	5	121
459	5	139
460	5	85
461	5	85
462	5	85
463	5	139
464	5	139
465	5	85
466	5	85
467	5	139
468	5	139
469	5	85
470	5	85
471	5	139
472	5	139
2	6	174
3	6	174
4	6	174
5	6	174
6	6	102
7	6	174
9	6	102
10	6	102
11	6	102
12	6	102
13	6	102
14	6	102
15	6	102
16	6	174
17	6	102
18	6	102
19	6	102
20	6	102
21	6	102
22	6	102
23	6	102
24	6	102
25	6	174
26	6	174
27	6	174
28	6	174
29	6	174
30	6	174
31	6	102
32	6	102
33	6	102
34	6	102
35	6	102
36	6	102
37	6	120
38	6	174
39	6	174
40	6	174
41	6	174
42	6	174
43	6	174
44	6	174
45	6	102
46	6	102
47	6	102
48	6	102
49	6	102
50	6	120
51	6	174
52	6	174
53	6	174
54	6	102
55	6	102
56	6	102
57	6	102
58	6	102
59	6	102
60	6	102
61	6	174
62	6	174
63	6	174
64	6	174
65	6	174
66	6	174
67	6	174
68	6	102
69	6	102
70	6	102
71	6	102
72	6	102
73	6	102
74	6	174
75	6	174
76	6	174
77	6	174
78	6	174
79	6	174
80	6	174
81	6	174
82	6	102
83	6	102
84	6	174
85	6	174
86	6	174
87	6	174
88	6	174
89	6	174
90	6	174
91	6	174
92	6	174
93	6	174
94	6	102
95	6	102
96	6	102
97	6	174
98	6	174
99	6	174
100	6	102
101	6	102
102	6	102
103	6	102
104	6	102
105	6	156
106	6	174
107	6	174
108	6	174
109	6	174
110	6	174
111	6	102
112	6	102
113	6	102
114	6	102
115	6	102
116	6	156
117	6	102
118	6	102
119	6	102
120	6	102
121	6	102
122	6	102
123	6	174
124	6	174
125	6	174
126	6	102
127	6	102
128	6	174
129	6	174
132	6	102
133	6	102
134	6	102
135	6	102
136	6	102
137	6	102
138	6	102
139	6	102
140	6	102
141	6	102
142	6	102
143	6	102
144	6	102
145	6	102
146	6	102
147	6	102
148	6	102
149	6	102
150	6	120
151	6	174
152	6	174
153	6	174
155	6	174
156	6	102
157	6	102
158	6	102
159	6	156
160	6	102
161	6	102
162	6	102
163	6	102
164	6	102
165	6	102
166	6	102
167	6	102
168	6	102
169	6	102
170	6	102
171	6	102
172	6	102
173	6	102
174	6	174
175	6	174
176	6	174
177	6	174
178	6	174
179	6	174
180	6	174
181	6	174
182	6	174
183	6	102
184	6	102
185	6	102
186	6	102
187	6	102
188	6	102
189	6	102
190	6	102
191	6	102
192	6	102
193	6	102
194	6	102
195	6	102
196	6	102
197	6	102
198	6	102
199	6	102
200	6	102
201	6	174
202	6	102
203	6	102
204	6	102
205	6	174
206	6	174
207	6	174
208	6	174
209	6	102
210	6	174
211	6	174
212	6	174
213	6	102
214	6	102
215	6	102
216	6	102
217	6	102
218	6	102
219	6	102
220	6	102
221	6	102
222	6	102
223	6	102
224	6	102
225	6	102
226	6	102
227	6	102
228	6	102
229	6	102
230	6	102
231	6	102
232	6	102
233	6	102
234	6	102
235	6	102
236	6	174
237	6	174
238	6	174
239	6	174
240	6	174
241	6	174
242	6	174
243	6	102
244	6	102
245	6	102
246	6	102
247	6	102
248	6	102
249	6	102
250	6	102
251	6	102
252	6	102
253	6	102
254	6	102
255	6	102
256	6	102
257	6	102
258	6	102
259	6	102
260	6	102
261	6	102
262	6	102
263	6	102
264	6	102
265	6	102
266	6	174
267	6	174
268	6	174
269	6	174
270	6	174
271	6	102
272	6	102
273	6	102
274	6	102
275	6	102
276	6	102
277	6	102
278	6	102
279	6	102
280	6	102
281	6	102
282	6	102
283	6	102
284	6	102
285	6	102
286	6	102
287	6	102
288	6	102
289	6	102
290	6	102
291	6	102
292	6	102
293	6	174
294	6	174
295	6	174
296	6	174
297	6	174
298	6	102
299	6	102
300	6	102
301	6	102
302	6	102
303	6	102
304	6	102
305	6	102
306	6	102
307	6	102
308	6	102
309	6	102
310	6	102
311	6	102
312	6	102
313	6	102
314	6	102
315	6	102
316	6	102
317	6	145
318	6	174
319	6	174
320	6	174
321	6	174
322	6	174
323	6	102
324	6	102
325	6	102
326	6	102
327	6	102
328	6	102
329	6	102
330	6	102
331	6	174
332	6	102
333	6	102
334	6	102
335	6	102
336	6	102
337	6	102
338	6	102
339	6	102
340	6	102
341	6	102
342	6	174
343	6	174
344	6	174
345	6	174
346	6	174
347	6	174
348	6	174
349	6	102
350	6	102
351	6	102
352	6	102
353	6	102
354	6	102
355	6	102
356	6	174
357	6	102
358	6	174
359	6	102
360	6	102
361	6	102
362	6	102
363	6	102
364	6	102
365	6	102
366	6	102
367	6	174
368	6	174
369	6	174
370	6	174
371	6	102
372	6	102
373	6	102
374	6	102
375	6	102
376	6	102
377	6	102
378	6	174
379	6	174
380	6	174
381	6	102
382	6	102
383	6	102
384	6	102
385	6	102
386	6	174
387	6	174
388	6	174
389	6	174
390	6	174
391	6	102
392	6	102
393	6	102
394	6	102
395	6	102
396	6	102
397	6	174
398	6	102
399	6	174
400	6	174
401	6	102
402	6	102
403	6	102
404	6	102
405	6	174
406	6	174
407	6	174
408	6	174
409	6	174
410	6	102
411	6	102
412	6	102
413	6	102
414	6	174
415	6	174
416	6	102
417	6	102
418	6	102
419	6	102
420	6	102
421	6	102
422	6	102
423	6	174
424	6	174
425	6	174
426	6	102
427	6	174
428	6	174
429	6	174
430	6	174
431	6	102
432	6	102
433	6	174
434	6	102
435	6	102
436	6	102
437	6	102
438	6	174
439	6	174
440	6	174
441	6	174
442	6	174
443	6	174
444	6	174
445	6	174
446	6	102
447	6	102
448	6	102
449	6	102
450	6	102
451	6	174
452	6	174
453	6	174
454	6	174
455	6	102
456	6	102
457	6	102
458	6	156
459	6	174
460	6	102
461	6	102
462	6	102
463	6	174
464	6	174
465	6	102
466	6	102
467	6	174
468	6	174
469	6	102
470	6	102
471	6	174
472	6	174
2	7	209
3	7	209
4	7	209
5	7	209
6	7	119
7	7	209
9	7	119
10	7	119
11	7	119
12	7	119
13	7	119
14	7	119
15	7	119
16	7	209
17	7	137
18	7	119
19	7	119
20	7	119
21	7	119
22	7	119
23	7	119
24	7	119
25	7	209
26	7	209
27	7	209
28	7	209
29	7	209
30	7	209
31	7	119
32	7	119
33	7	119
34	7	119
35	7	119
36	7	119
37	7	155
38	7	209
39	7	209
40	7	209
41	7	209
42	7	209
43	7	209
44	7	209
45	7	119
46	7	119
47	7	119
48	7	119
49	7	119
50	7	155
51	7	209
52	7	209
53	7	209
54	7	119
55	7	119
56	7	119
57	7	119
58	7	119
59	7	119
60	7	119
61	7	209
62	7	209
63	7	209
64	7	209
65	7	209
66	7	209
67	7	209
68	7	119
69	7	119
70	7	119
71	7	119
72	7	119
73	7	119
74	7	209
75	7	209
76	7	209
77	7	209
78	7	209
79	7	209
80	7	209
81	7	209
82	7	119
83	7	119
84	7	209
85	7	209
86	7	209
87	7	209
88	7	209
89	7	209
90	7	209
91	7	209
92	7	209
93	7	209
94	7	119
95	7	119
96	7	119
97	7	209
98	7	209
99	7	209
100	7	119
101	7	119
102	7	119
103	7	119
104	7	119
105	7	191
106	7	209
107	7	209
108	7	209
109	7	209
110	7	209
111	7	119
112	7	119
113	7	119
114	7	119
115	7	119
116	7	191
117	7	119
118	7	119
119	7	119
120	7	119
121	7	119
122	7	119
123	7	209
124	7	209
125	7	209
126	7	119
127	7	119
128	7	209
129	7	209
132	7	119
133	7	119
134	7	119
135	7	119
136	7	119
137	7	119
138	7	119
139	7	119
140	7	119
141	7	119
142	7	119
143	7	119
144	7	119
145	7	119
146	7	119
147	7	119
148	7	119
149	7	119
150	7	155
151	7	209
152	7	209
153	7	209
155	7	209
156	7	119
157	7	119
158	7	119
159	7	191
160	7	119
161	7	119
162	7	119
163	7	119
164	7	119
165	7	119
166	7	119
167	7	119
168	7	119
169	7	119
170	7	119
171	7	119
172	7	119
173	7	119
174	7	209
175	7	209
176	7	209
177	7	209
178	7	209
179	7	209
180	7	209
181	7	209
182	7	209
183	7	119
184	7	119
185	7	119
186	7	119
187	7	119
188	7	119
189	7	119
190	7	119
191	7	119
192	7	119
193	7	119
194	7	119
195	7	119
196	7	119
197	7	119
198	7	119
199	7	119
200	7	119
201	7	209
202	7	119
203	7	119
204	7	119
205	7	209
206	7	209
207	7	209
208	7	209
209	7	119
210	7	209
211	7	209
212	7	209
213	7	119
214	7	119
215	7	119
216	7	119
217	7	119
218	7	119
219	7	119
220	7	119
221	7	119
222	7	119
223	7	119
224	7	119
225	7	119
226	7	119
227	7	119
228	7	137
229	7	119
230	7	119
231	7	119
232	7	119
233	7	119
234	7	119
235	7	119
236	7	209
237	7	209
238	7	209
239	7	209
240	7	209
241	7	209
242	7	209
243	7	119
244	7	119
245	7	119
246	7	119
247	7	119
248	7	119
249	7	119
250	7	119
251	7	119
252	7	119
253	7	119
254	7	119
255	7	119
256	7	119
257	7	119
258	7	119
259	7	119
260	7	119
261	7	119
262	7	119
263	7	119
264	7	119
265	7	119
266	7	209
267	7	209
268	7	209
269	7	209
270	7	209
271	7	119
272	7	119
273	7	119
274	7	119
275	7	119
276	7	119
277	7	119
278	7	119
279	7	119
280	7	119
281	7	119
282	7	119
283	7	119
284	7	119
285	7	119
286	7	119
287	7	119
288	7	119
289	7	119
290	7	119
291	7	119
292	7	119
293	7	209
294	7	209
295	7	209
296	7	209
297	7	209
298	7	119
299	7	119
300	7	119
301	7	119
302	7	119
303	7	119
304	7	119
305	7	119
306	7	119
307	7	119
308	7	119
309	7	119
310	7	119
311	7	119
312	7	119
313	7	119
314	7	119
315	7	119
316	7	119
317	7	180
318	7	209
319	7	209
320	7	209
321	7	209
322	7	209
323	7	119
324	7	119
325	7	119
326	7	119
327	7	119
328	7	119
329	7	119
330	7	119
331	7	209
332	7	119
333	7	119
334	7	119
335	7	119
336	7	119
337	7	119
338	7	119
339	7	119
340	7	119
341	7	119
342	7	209
343	7	209
344	7	209
345	7	209
346	7	209
347	7	209
348	7	209
349	7	119
350	7	119
351	7	119
352	7	119
353	7	119
354	7	119
355	7	119
356	7	209
357	7	137
358	7	209
359	7	119
360	7	119
361	7	119
362	7	119
363	7	119
364	7	119
365	7	119
366	7	119
367	7	209
368	7	209
369	7	209
370	7	209
371	7	119
372	7	119
373	7	119
374	7	119
375	7	119
376	7	119
377	7	119
378	7	209
379	7	209
380	7	209
381	7	119
382	7	119
383	7	119
384	7	119
385	7	119
386	7	209
387	7	209
388	7	209
389	7	209
390	7	209
391	7	119
392	7	119
393	7	119
394	7	119
395	7	119
396	7	119
397	7	209
398	7	119
399	7	209
400	7	209
401	7	119
402	7	119
403	7	119
404	7	119
405	7	209
406	7	209
407	7	209
408	7	209
409	7	209
410	7	119
411	7	119
412	7	119
413	7	119
414	7	209
415	7	209
416	7	119
417	7	119
418	7	119
419	7	119
420	7	119
421	7	119
422	7	119
423	7	209
424	7	209
425	7	209
426	7	137
427	7	209
428	7	209
429	7	209
430	7	209
431	7	119
432	7	119
433	7	209
434	7	119
435	7	119
436	7	119
437	7	119
438	7	209
439	7	209
440	7	209
441	7	209
442	7	209
443	7	209
444	7	209
445	7	209
446	7	119
447	7	119
448	7	119
449	7	119
450	7	119
451	7	209
452	7	209
453	7	209
454	7	209
455	7	119
456	7	119
457	7	119
458	7	191
459	7	209
460	7	119
461	7	119
462	7	119
463	7	209
464	7	209
465	7	119
466	7	119
467	7	209
468	7	209
469	7	119
470	7	119
471	7	209
472	7	209
2	8	244
3	8	244
4	8	244
5	8	244
6	8	136
7	8	244
9	8	136
10	8	136
11	8	136
12	8	136
13	8	136
14	8	136
15	8	136
16	8	244
17	8	172
18	8	136
19	8	136
20	8	136
21	8	136
22	8	136
23	8	136
24	8	136
25	8	244
26	8	244
27	8	244
28	8	244
29	8	244
30	8	244
31	8	136
32	8	136
33	8	136
34	8	136
35	8	136
36	8	136
37	8	190
38	8	244
39	8	244
40	8	244
41	8	244
42	8	244
43	8	244
44	8	244
45	8	136
46	8	136
47	8	136
48	8	136
49	8	136
50	8	190
51	8	244
52	8	244
53	8	244
54	8	136
55	8	136
56	8	136
57	8	136
58	8	136
59	8	136
60	8	136
61	8	244
62	8	244
63	8	244
64	8	244
65	8	244
66	8	244
67	8	244
68	8	136
69	8	136
70	8	136
71	8	136
72	8	136
73	8	136
74	8	244
75	8	244
76	8	244
77	8	244
78	8	244
79	8	244
80	8	244
81	8	244
82	8	136
83	8	136
84	8	244
85	8	244
86	8	244
87	8	244
88	8	244
89	8	244
90	8	244
91	8	244
92	8	244
93	8	244
94	8	136
95	8	136
96	8	136
97	8	244
98	8	244
99	8	244
100	8	136
101	8	136
102	8	136
103	8	136
104	8	136
105	8	226
106	8	244
107	8	244
108	8	244
109	8	244
110	8	244
111	8	136
112	8	136
113	8	136
114	8	136
115	8	136
116	8	226
117	8	136
118	8	136
119	8	136
120	8	136
121	8	136
122	8	136
123	8	244
124	8	244
125	8	244
126	8	136
127	8	136
128	8	244
129	8	244
132	8	136
133	8	136
134	8	136
135	8	136
136	8	136
137	8	136
138	8	136
139	8	136
140	8	136
141	8	136
142	8	136
143	8	136
144	8	136
145	8	136
146	8	136
147	8	136
148	8	136
149	8	136
150	8	190
151	8	244
152	8	244
153	8	244
155	8	244
156	8	136
157	8	136
158	8	136
159	8	226
160	8	136
161	8	136
162	8	136
163	8	136
164	8	136
165	8	136
166	8	136
167	8	136
168	8	136
169	8	136
170	8	136
171	8	136
172	8	136
173	8	136
174	8	244
175	8	244
176	8	244
177	8	244
178	8	244
179	8	244
180	8	244
181	8	244
182	8	244
183	8	136
184	8	136
185	8	136
186	8	136
187	8	136
188	8	136
189	8	136
190	8	136
191	8	136
192	8	136
193	8	136
194	8	136
195	8	136
196	8	136
197	8	136
198	8	136
199	8	136
200	8	136
201	8	244
202	8	136
203	8	136
204	8	136
205	8	244
206	8	244
207	8	244
208	8	244
209	8	136
210	8	244
211	8	244
212	8	244
213	8	136
214	8	136
215	8	136
216	8	136
217	8	136
218	8	136
219	8	136
220	8	136
221	8	136
222	8	136
223	8	136
224	8	136
225	8	136
226	8	136
227	8	136
228	8	172
229	8	136
230	8	136
231	8	136
232	8	136
233	8	136
234	8	136
235	8	136
236	8	244
237	8	244
238	8	244
239	8	244
240	8	244
241	8	244
242	8	244
243	8	136
244	8	136
245	8	136
246	8	136
247	8	136
248	8	136
249	8	136
250	8	136
251	8	136
252	8	136
253	8	136
254	8	136
255	8	136
256	8	136
257	8	136
258	8	136
259	8	136
260	8	136
261	8	136
262	8	136
263	8	136
264	8	136
265	8	136
266	8	244
267	8	244
268	8	244
269	8	244
270	8	244
271	8	154
272	8	136
273	8	136
274	8	136
275	8	136
276	8	136
277	8	136
278	8	136
279	8	136
280	8	136
281	8	136
282	8	136
283	8	136
284	8	136
285	8	136
286	8	136
287	8	136
288	8	136
289	8	136
290	8	136
291	8	136
292	8	136
293	8	244
294	8	244
295	8	244
296	8	244
297	8	244
298	8	136
299	8	136
300	8	136
301	8	136
302	8	136
303	8	136
304	8	136
305	8	136
306	8	136
307	8	136
308	8	136
309	8	136
310	8	136
311	8	136
312	8	136
313	8	136
314	8	136
315	8	136
316	8	136
317	8	215
318	8	244
319	8	244
320	8	244
321	8	244
322	8	244
323	8	136
324	8	136
325	8	136
326	8	136
327	8	136
328	8	136
329	8	136
330	8	136
331	8	244
332	8	136
333	8	136
334	8	136
335	8	136
336	8	136
337	8	136
338	8	136
339	8	136
340	8	136
341	8	136
342	8	244
343	8	244
344	8	244
345	8	244
346	8	244
347	8	244
348	8	244
349	8	136
350	8	136
351	8	136
352	8	136
353	8	136
354	8	136
355	8	136
356	8	244
357	8	172
358	8	244
359	8	136
360	8	136
361	8	136
362	8	136
363	8	136
364	8	136
365	8	136
366	8	136
367	8	244
368	8	244
369	8	244
370	8	244
371	8	136
372	8	136
373	8	136
374	8	136
375	8	136
376	8	136
377	8	136
378	8	244
379	8	244
380	8	244
381	8	136
382	8	136
383	8	136
384	8	136
385	8	136
386	8	244
387	8	244
388	8	244
389	8	244
390	8	244
391	8	136
392	8	136
393	8	136
394	8	136
395	8	136
396	8	136
397	8	244
398	8	136
399	8	244
400	8	244
401	8	136
402	8	136
403	8	136
404	8	136
405	8	244
406	8	244
407	8	244
408	8	244
409	8	244
410	8	136
411	8	136
412	8	136
413	8	136
414	8	244
415	8	244
416	8	136
417	8	136
418	8	136
419	8	136
420	8	136
421	8	136
422	8	136
423	8	244
424	8	244
425	8	244
426	8	172
427	8	244
428	8	244
429	8	244
430	8	244
431	8	154
432	8	136
433	8	244
434	8	136
435	8	136
436	8	136
437	8	136
438	8	244
439	8	244
440	8	244
441	8	244
442	8	244
443	8	244
444	8	244
445	8	244
446	8	136
447	8	136
448	8	136
449	8	136
450	8	136
451	8	244
452	8	244
453	8	244
454	8	244
455	8	136
456	8	136
457	8	136
458	8	226
459	8	244
460	8	136
461	8	136
462	8	136
463	8	244
464	8	244
465	8	136
466	8	136
467	8	244
468	8	244
469	8	136
470	8	136
471	8	244
472	8	244
2	9	279
3	9	279
4	9	279
5	9	279
6	9	153
7	9	279
9	9	153
10	9	153
11	9	153
12	9	153
13	9	153
14	9	153
15	9	153
16	9	279
17	9	207
18	9	153
19	9	153
20	9	153
21	9	153
22	9	153
23	9	153
24	9	153
25	9	279
26	9	279
27	9	279
28	9	279
29	9	279
30	9	279
31	9	153
32	9	153
33	9	153
34	9	153
35	9	153
36	9	153
37	9	225
38	9	279
39	9	279
40	9	279
41	9	279
42	9	279
43	9	279
44	9	279
45	9	153
46	9	153
47	9	153
48	9	153
49	9	153
50	9	225
51	9	279
52	9	279
53	9	279
54	9	153
55	9	153
56	9	153
57	9	153
58	9	153
59	9	153
60	9	153
61	9	279
62	9	279
63	9	279
64	9	279
65	9	279
66	9	279
67	9	279
68	9	153
69	9	153
70	9	153
71	9	153
72	9	153
73	9	153
74	9	279
75	9	279
76	9	279
77	9	279
78	9	279
79	9	279
80	9	279
81	9	279
82	9	153
83	9	153
84	9	279
85	9	279
86	9	279
87	9	279
88	9	279
89	9	279
90	9	279
91	9	279
92	9	279
93	9	279
94	9	153
95	9	153
96	9	153
97	9	279
98	9	279
99	9	279
100	9	153
101	9	153
102	9	153
103	9	153
104	9	153
105	9	261
106	9	279
107	9	279
108	9	279
109	9	279
110	9	279
111	9	153
112	9	153
113	9	153
114	9	153
115	9	153
116	9	261
117	9	153
118	9	153
119	9	153
120	9	153
121	9	153
122	9	153
123	9	279
124	9	279
125	9	279
126	9	153
127	9	153
128	9	279
129	9	279
132	9	153
133	9	153
134	9	153
135	9	153
136	9	153
137	9	153
138	9	153
139	9	153
140	9	153
141	9	153
142	9	153
143	9	153
144	9	153
145	9	153
146	9	153
147	9	153
148	9	153
149	9	153
150	9	225
151	9	279
152	9	279
153	9	279
155	9	279
156	9	153
157	9	153
158	9	153
159	9	261
160	9	153
161	9	153
162	9	153
163	9	153
164	9	153
165	9	153
166	9	153
167	9	153
168	9	153
169	9	153
170	9	153
171	9	153
172	9	153
173	9	153
174	9	279
175	9	279
176	9	279
177	9	279
178	9	279
179	9	279
180	9	279
181	9	279
182	9	279
183	9	153
184	9	153
185	9	153
186	9	153
187	9	153
188	9	153
189	9	153
190	9	153
191	9	153
192	9	153
193	9	153
194	9	153
195	9	153
196	9	153
197	9	153
198	9	153
199	9	153
200	9	153
201	9	279
202	9	153
203	9	153
204	9	153
205	9	279
206	9	279
207	9	279
208	9	279
209	9	153
210	9	279
211	9	279
212	9	279
213	9	153
214	9	153
215	9	153
216	9	153
217	9	153
218	9	153
219	9	153
220	9	153
221	9	153
222	9	153
223	9	153
224	9	153
225	9	153
226	9	153
227	9	153
228	9	207
229	9	153
230	9	153
231	9	153
232	9	153
233	9	153
234	9	153
235	9	153
236	9	279
237	9	279
238	9	279
239	9	279
240	9	279
241	9	279
242	9	279
243	9	153
244	9	153
245	9	153
246	9	153
247	9	153
248	9	153
249	9	153
250	9	153
251	9	153
252	9	153
253	9	153
254	9	153
255	9	153
256	9	153
257	9	153
258	9	153
259	9	153
260	9	153
261	9	153
262	9	153
263	9	153
264	9	153
265	9	153
266	9	279
267	9	279
268	9	279
269	9	279
270	9	279
271	9	189
272	9	153
273	9	153
274	9	153
275	9	153
276	9	153
277	9	153
278	9	153
279	9	153
280	9	153
281	9	153
282	9	153
283	9	153
284	9	153
285	9	153
286	9	153
287	9	153
288	9	153
289	9	153
290	9	153
291	9	153
292	9	153
293	9	279
294	9	279
295	9	279
296	9	279
297	9	279
298	9	153
299	9	153
300	9	153
301	9	153
302	9	153
303	9	153
304	9	153
305	9	153
306	9	153
307	9	153
308	9	153
309	9	153
310	9	153
311	9	153
312	9	153
313	9	153
314	9	153
315	9	153
316	9	153
317	9	250
318	9	279
319	9	279
320	9	279
321	9	279
322	9	279
323	9	153
324	9	153
325	9	153
326	9	153
327	9	153
328	9	153
329	9	153
330	9	153
331	9	279
332	9	153
333	9	153
334	9	153
335	9	153
336	9	153
337	9	153
338	9	153
339	9	153
340	9	153
341	9	153
342	9	279
343	9	279
344	9	279
345	9	279
346	9	279
347	9	279
348	9	279
349	9	153
350	9	153
351	9	153
352	9	153
353	9	153
354	9	153
355	9	153
356	9	279
357	9	207
358	9	279
359	9	153
360	9	153
361	9	153
362	9	153
363	9	153
364	9	153
365	9	153
366	9	153
367	9	279
368	9	279
369	9	279
370	9	279
371	9	153
372	9	153
373	9	153
374	9	153
375	9	153
376	9	153
377	9	153
378	9	279
379	9	279
380	9	279
381	9	153
382	9	153
383	9	153
384	9	153
385	9	153
386	9	279
387	9	279
388	9	279
389	9	279
390	9	279
391	9	153
392	9	153
393	9	153
394	9	153
395	9	153
396	9	153
397	9	279
398	9	153
399	9	279
400	9	279
401	9	153
402	9	153
403	9	153
404	9	153
405	9	279
406	9	279
407	9	279
408	9	279
409	9	279
410	9	153
411	9	153
412	9	153
413	9	153
414	9	279
415	9	279
416	9	153
417	9	153
418	9	171
419	9	153
420	9	153
421	9	153
422	9	153
423	9	279
424	9	279
425	9	279
426	9	207
427	9	279
428	9	279
429	9	279
430	9	279
431	9	189
432	9	153
433	9	279
434	9	153
435	9	153
436	9	153
437	9	153
438	9	279
439	9	279
440	9	279
441	9	279
442	9	279
443	9	279
444	9	279
445	9	279
446	9	153
447	9	153
448	9	153
449	9	153
450	9	153
451	9	279
452	9	279
453	9	279
454	9	279
455	9	153
456	9	153
457	9	153
458	9	261
459	9	279
460	9	153
461	9	153
462	9	153
463	9	279
464	9	279
465	9	153
466	9	153
467	9	279
468	9	279
469	9	153
470	9	153
471	9	279
472	9	279
2	10	314
3	10	314
4	10	314
5	10	314
6	10	170
7	10	314
9	10	170
10	10	170
11	10	170
12	10	170
13	10	170
14	10	170
15	10	170
16	10	314
17	10	242
18	10	170
19	10	170
20	10	170
21	10	170
22	10	170
23	10	170
24	10	170
25	10	314
26	10	314
27	10	314
28	10	314
29	10	314
30	10	314
31	10	170
32	10	170
33	10	170
34	10	170
35	10	170
36	10	170
37	10	260
38	10	314
39	10	314
40	10	314
41	10	314
42	10	314
43	10	314
44	10	314
45	10	170
46	10	170
47	10	170
48	10	170
49	10	170
50	10	260
51	10	314
52	10	314
53	10	314
54	10	170
55	10	170
56	10	170
57	10	170
58	10	170
59	10	170
60	10	170
61	10	314
62	10	314
63	10	314
64	10	314
65	10	314
66	10	314
67	10	314
68	10	170
69	10	170
70	10	170
71	10	170
72	10	170
73	10	170
74	10	314
75	10	314
76	10	314
77	10	314
78	10	314
79	10	314
80	10	314
81	10	314
82	10	170
83	10	170
84	10	314
85	10	314
86	10	314
87	10	314
88	10	314
89	10	314
90	10	314
91	10	314
92	10	314
93	10	314
94	10	170
95	10	170
96	10	170
97	10	314
98	10	314
99	10	314
100	10	170
101	10	170
102	10	170
103	10	170
104	10	170
105	10	296
106	10	314
107	10	314
108	10	314
109	10	314
110	10	314
111	10	170
112	10	170
113	10	170
114	10	170
115	10	170
116	10	296
117	10	170
118	10	170
119	10	170
120	10	170
121	10	170
122	10	170
123	10	314
124	10	314
125	10	314
126	10	170
127	10	170
128	10	314
129	10	314
132	10	170
133	10	170
134	10	170
135	10	170
136	10	170
137	10	170
138	10	170
139	10	170
140	10	170
141	10	170
142	10	170
143	10	170
144	10	170
145	10	170
146	10	170
147	10	170
148	10	170
149	10	188
150	10	260
151	10	314
152	10	314
153	10	314
155	10	314
156	10	170
157	10	170
158	10	170
159	10	296
160	10	170
161	10	170
162	10	170
163	10	170
164	10	170
165	10	170
166	10	170
167	10	170
168	10	170
169	10	170
170	10	170
171	10	170
172	10	170
173	10	170
174	10	314
175	10	314
176	10	314
177	10	314
178	10	314
179	10	314
180	10	314
181	10	314
182	10	314
183	10	170
184	10	170
185	10	170
186	10	170
187	10	170
188	10	170
189	10	170
190	10	170
191	10	170
192	10	170
193	10	170
194	10	170
195	10	170
196	10	170
197	10	170
198	10	170
199	10	170
200	10	170
201	10	314
202	10	170
203	10	170
204	10	170
205	10	314
206	10	314
207	10	314
208	10	314
209	10	170
210	10	314
211	10	314
212	10	314
213	10	170
214	10	170
215	10	170
216	10	170
217	10	170
218	10	170
219	10	170
220	10	170
221	10	170
222	10	170
223	10	170
224	10	170
225	10	170
226	10	170
227	10	170
228	10	242
229	10	170
230	10	170
231	10	170
232	10	170
233	10	170
234	10	170
235	10	170
236	10	314
237	10	314
238	10	314
239	10	314
240	10	314
241	10	314
242	10	314
243	10	170
244	10	170
245	10	170
246	10	170
247	10	170
248	10	170
249	10	170
250	10	170
251	10	170
252	10	170
253	10	170
254	10	170
255	10	170
256	10	170
257	10	170
258	10	170
259	10	170
260	10	188
261	10	170
262	10	170
263	10	170
264	10	170
265	10	170
266	10	314
267	10	314
268	10	314
269	10	314
270	10	314
271	10	224
272	10	170
273	10	170
274	10	170
275	10	170
276	10	170
277	10	170
278	10	170
279	10	170
280	10	170
281	10	170
282	10	170
283	10	170
284	10	170
285	10	170
286	10	170
287	10	170
288	10	170
289	10	170
290	10	170
291	10	170
292	10	170
293	10	314
294	10	314
295	10	314
296	10	314
297	10	314
298	10	188
299	10	170
300	10	170
301	10	170
302	10	170
303	10	170
304	10	170
305	10	170
306	10	170
307	10	170
308	10	170
309	10	170
310	10	170
311	10	170
312	10	170
313	10	170
314	10	170
315	10	170
316	10	170
317	10	285
318	10	314
319	10	314
320	10	314
321	10	314
322	10	314
323	10	170
324	10	170
325	10	170
326	10	170
327	10	170
328	10	170
329	10	170
330	10	170
331	10	314
332	10	170
333	10	170
334	10	170
335	10	170
336	10	170
337	10	170
338	10	170
339	10	170
340	10	170
341	10	170
342	10	314
343	10	314
344	10	314
345	10	314
346	10	314
347	10	314
348	10	314
349	10	170
350	10	170
351	10	170
352	10	170
353	10	170
354	10	170
355	10	170
356	10	314
357	10	242
358	10	314
359	10	170
360	10	170
361	10	170
362	10	170
363	10	170
364	10	170
365	10	170
366	10	170
367	10	314
368	10	314
369	10	314
370	10	314
371	10	170
372	10	170
373	10	170
374	10	170
375	10	170
376	10	170
377	10	170
378	10	314
379	10	314
380	10	314
381	10	170
382	10	170
383	10	170
384	10	170
385	10	170
386	10	314
387	10	314
388	10	314
389	10	314
390	10	314
391	10	170
392	10	170
393	10	170
394	10	170
395	10	170
396	10	170
397	10	314
398	10	170
399	10	314
400	10	314
401	10	170
402	10	170
403	10	170
404	10	170
405	10	314
406	10	314
407	10	314
408	10	314
409	10	314
410	10	170
411	10	170
412	10	170
413	10	170
414	10	314
415	10	314
416	10	170
417	10	170
418	10	206
419	10	170
420	10	170
421	10	170
422	10	170
423	10	314
424	10	314
425	10	314
426	10	242
427	10	314
428	10	314
429	10	314
430	10	314
431	10	224
432	10	170
433	10	314
434	10	170
435	10	170
436	10	170
437	10	170
438	10	314
439	10	314
440	10	314
441	10	314
442	10	314
443	10	314
444	10	314
445	10	314
446	10	170
447	10	170
448	10	170
449	10	170
450	10	170
451	10	314
452	10	314
453	10	314
454	10	314
455	10	170
456	10	170
457	10	170
458	10	296
459	10	314
460	10	170
461	10	170
462	10	170
463	10	314
464	10	314
465	10	170
466	10	170
467	10	314
468	10	314
469	10	170
470	10	170
471	10	314
472	10	314
