2	1	1	0.9977038503
3	1	1	0.9977538586
4	1	1	0.9977120757
5	1	1	0.997703433
6	1	1	0.9977043867
7	1	1	0.9977194667
9	1	1	0.997751236
10	1	1	0.9977341294
11	1	1	0.9977346659
12	1	1	0.9977137446
13	1	1	0.9977254272
14	1	1	0.9977142215
15	1	1	0.9977425933
16	1	1	0.9976599813
17	1	1	0.9977433681
18	1	1	0.9977737665
19	1	1	0.9977451563
20	1	1	0.9976574183
21	1	1	0.9976789951
22	1	1	0.9976704121
23	1	1	0.9976786375
24	1	1	0.9977207184
25	1	1	0.9977232814
26	1	1	0.9977247715
27	1	1	0.9977345467
28	1	1	0.997721076
29	1	1	0.9977248907
30	1	1	0.9977476001
31	1	1	0.9977414608
32	1	1	0.9977254272
33	1	1	0.9976466894
34	1	1	0.9977036715
35	1	1	0.9977416396
36	1	1	0.9976621866
37	1	1	0.9976786375
38	1	1	0.9976620674
39	1	1	0.997677505
40	1	1	0.9976371527
41	1	1	0.9977315068
42	1	1	0.9977254868
43	1	1	0.9977341294
44	1	1	0.9976788163
45	1	1	0.997677207
46	1	1	0.9976450801
47	1	1	0.9977039099
48	1	1	0.9976812005
49	1	1	0.9977253079
50	1	1	0.9976574779
51	1	1	0.9977170229
52	1	1	0.9977071881
53	1	1	0.9975673556
54	1	1	0.9977052808
55	1	1	0.9976643324
56	1	1	0.9976639748
57	1	1	0.9977334738
58	1	1	0.9976482391
59	1	1	0.9977351427
60	1	1	0.9976567626
61	1	1	0.9977304339
62	1	1	0.9976689816
63	1	1	0.9977032542
64	1	1	0.9976369143
65	1	1	0.9976689816
66	1	1	0.9975876212
67	1	1	0.9975765944
68	1	1	0.9977033138
69	1	1	0.9976195693
70	1	1	0.9975711703
71	1	1	0.9976314306
72	1	1	0.9976360202
73	1	1	0.9977003336
74	1	1	0.9976629019
75	1	1	0.9977351427
76	1	1	0.9977157116
77	1	1	0.9976476431
78	1	1	0.9976468682
79	1	1	0.9976530671
80	1	1	0.9976033568
81	1	1	0.9976061583
82	1	1	0.9976046085
83	1	1	0.9975227118
84	1	1	0.9976203442
85	1	1	0.9975972176
86	1	1	0.997630477
87	1	1	0.9976045489
88	1	1	0.9976132512
89	1	1	0.9976338744
90	1	1	0.9976103306
91	1	1	0.9976742268
92	1	1	0.997711122
93	1	1	0.9977058768
94	1	1	0.9976376295
95	1	1	0.9976168871
96	1	1	0.9974957108
97	1	1	0.9974989891
98	1	1	0.9976302981
99	1	1	0.9974702001
100	1	1	0.9975095391
101	1	1	0.9974042773
102	1	1	0.9976000786
103	1	1	0.9976406693
104	1	1	0.9975031614
105	1	1	0.9975466132
106	1	1	0.9975393414
107	1	1	0.9976648688
108	1	1	0.9976264238
109	1	1	0.9976887703
110	1	1	0.997725904
111	1	1	0.9976305962
112	1	1	0.9976164103
113	1	1	0.9976285696
114	1	1	0.9975369573
115	1	1	0.9973017573
116	1	1	0.9971678853
117	1	1	0.9972436428
118	1	1	0.9972538948
119	1	1	0.9967687726
120	1	1	0.9972648621
121	1	1	0.9969065189
122	1	1	0.9973551035
123	1	1	0.997322619
124	1	1	0.9975246787
125	1	1	0.9976195693
126	1	1	0.9976429343
127	1	1	0.9976347089
128	1	1	0.9976688027
129	1	1	0.9977303147
132	1	1	0.9976838231
133	1	1	0.9976250529
134	1	1	0.9976587892
135	1	1	0.9976712465
136	1	1	0.9976004362
137	1	1	0.9973552823
138	1	1	0.997435987
139	1	1	0.9967778921
140	1	1	0.9968993068
141	1	1	0.9963920712
142	1	1	0.9961934686
143	1	1	0.9967864752
144	1	1	0.9967360497
145	1	1	0.9970098734
146	1	1	0.9971718192
147	1	1	0.9973336458
148	1	1	0.9976548553
149	1	1	0.9974579811
150	1	1	0.9976599813
151	1	1	0.9975942969
152	1	1	0.9976783991
153	1	1	0.9977095723
155	1	1	0.9977270365
156	1	1	0.9977194071
157	1	1	0.997580111
158	1	1	0.9975947142
159	1	1	0.9976102114
160	1	1	0.9971755147
161	1	1	0.9966242313
162	1	1	0.996941328
163	1	1	0.9963155389
164	1	1	0.9962069988
165	1	1	0.9956430793
166	1	1	0.994033277
167	1	1	0.9963313341
168	1	1	0.9960454106
169	1	1	0.996286273
170	1	1	0.9970608354
171	1	1	0.9969570637
172	1	1	0.9973052144
173	1	1	0.997621417
174	1	1	0.9975604415
175	1	1	0.9976164103
176	1	1	0.9976385832
177	1	1	0.9976319671
178	1	1	0.9976790547
179	1	1	0.997759223
180	1	1	0.9977002144
181	1	1	0.9976750016
182	1	1	0.9976550341
183	1	1	0.9976681471
184	1	1	0.9975787401
185	1	1	0.997238338
186	1	1	0.9965753555
187	1	1	0.9966865182
188	1	1	0.9964538217
189	1	1	0.9948025346
190	1	1	0.9949758053
191	1	1	0.9948557019
192	1	1	0.9849069715
193	1	1	0.9949034452
194	1	1	0.9952437282
195	1	1	0.9943224192
196	1	1	0.9960003495
197	1	1	0.9965239167
198	1	1	0.9965106249
199	1	1	0.9971244931
200	1	1	0.997557044
201	1	1	0.9976626635
202	1	1	0.9976255298
203	1	1	0.997656405
204	1	1	0.9977147579
205	1	1	0.9977369905
206	1	1	0.9977232218
207	1	1	0.99771595
208	1	1	0.9977791905
209	1	1	0.9978039861
210	1	1	0.9976772666
211	1	1	0.997687161
212	1	1	0.9977191091
213	1	1	0.9975286722
214	1	1	0.9973993897
215	1	1	0.9973022342
216	1	1	0.9966924787
217	1	1	0.9960446358
218	1	1	0.9945973754
219	1	1	0.9848527908
220	1	1	0.9854995012
221	1	1	0.9880704284
222	1	1	0.9854742885
223	1	1	0.9863803387
224	1	1	0.9867714047
225	1	1	0.9868496656
226	1	1	0.9942521453
227	1	1	0.9961665869
228	1	1	0.9968034029
229	1	1	0.9970761538
230	1	1	0.9972438216
231	1	1	0.9976119399
232	1	1	0.9975848794
233	1	1	0.9976611733
234	1	1	0.9976457953
235	1	1	0.9976959825
236	1	1	0.9977506995
237	1	1	0.9976830482
238	1	1	0.997746408
239	1	1	0.9977867007
240	1	1	0.9976331592
241	1	1	0.997592032
242	1	1	0.9975963831
243	1	1	0.9975470304
244	1	1	0.9972904921
245	1	1	0.9968442917
246	1	1	0.9962711334
247	1	1	0.9947838187
248	1	1	0.9859437943
249	1	1	0.984955132
250	1	1	0.9771739244
251	1	1	0.9807339311
252	1	1	0.9814394116
253	1	1	0.9717079401
254	1	1	0.9852112532
255	1	1	0.9910091758
256	1	1	0.994027555
257	1	1	0.9959189296
258	1	1	0.9960560799
259	1	1	0.9968380928
260	1	1	0.9973465204
261	1	1	0.9974765778
262	1	1	0.9975801706
263	1	1	0.9976350069
264	1	1	0.9976094961
265	1	1	0.9976997972
266	1	1	0.9976932406
267	1	1	0.9977292418
268	1	1	0.9977484345
269	1	1	0.9976621866
270	1	1	0.9976251721
271	1	1	0.997657001
272	1	1	0.997497499
273	1	1	0.9971199036
274	1	1	0.996825695
275	1	1	0.9963321686
276	1	1	0.9946705103
277	1	1	0.9872086048
278	1	1	0.9769952893
279	1	1	0.9851515293
280	1	1	0.9832574129
281	1	1	0.9821817875
282	1	1	0.9845588207
283	1	1	0.9888720512
284	1	1	0.9941735864
285	1	1	0.9956598878
286	1	1	0.9944313765
287	1	1	0.9960477352
288	1	1	0.9964991808
289	1	1	0.9972763658
290	1	1	0.9975138307
291	1	1	0.9976274967
292	1	1	0.9979169369
293	1	1	0.9976859093
294	1	1	0.9977135658
295	1	1	0.9976993203
296	1	1	0.9976899028
297	1	1	0.9976934791
298	1	1	0.9975460172
299	1	1	0.9971857071
300	1	1	0.9966661334
301	1	1	0.9955226183
302	1	1	0.9947605729
303	1	1	0.988152802
304	1	1	0.9734042287
305	1	1	0.9917276502
306	1	1	0.9880487919
307	1	1	0.9808344245
308	1	1	0.9794117808
309	1	1	0.9841252565
310	1	1	0.9727962017
311	1	1	0.988545239
312	1	1	0.9952309728
313	1	1	0.9959084392
314	1	1	0.9966409206
315	1	1	0.997254014
316	1	1	0.9975835681
317	1	1	0.9976754785
318	1	1	0.9976633787
319	1	1	0.9976736903
320	1	1	0.9976457953
321	1	1	0.9976894855
322	1	1	0.9977222085
323	1	1	0.9976198673
324	1	1	0.9972295761
325	1	1	0.9965684414
326	1	1	0.9955124259
327	1	1	0.9943304658
328	1	1	0.9872360229
329	1	1	0.9718866348
330	1	1	0.9624040723
331	1	1	0.9313083887
332	1	1	0.9868632555
333	1	1	0.9949222803
334	1	1	0.9962813258
335	1	1	0.9951130152
336	1	1	0.9930430651
337	1	1	0.9864060879
338	1	1	0.9949841499
339	1	1	0.9963562489
340	1	1	0.9968571067
341	1	1	0.9975280762
342	1	1	0.9976087213
343	1	1	0.9975344539
344	1	1	0.9976483583
345	1	1	0.9977173209
346	1	1	0.9976574779
347	1	1	0.9976822734
348	1	1	0.9975469112
349	1	1	0.9975756407
350	1	1	0.9974253178
351	1	1	0.9967175722
352	1	1	0.9960942268
353	1	1	0.9953510165
354	1	1	0.9865746498
355	1	1	0.9789398313
356	1	1	0.9467756748
357	1	1	0.9042115808
358	1	1	0.9192307591
359	1	1	0.9729281664
360	1	1	0.988268137
361	1	1	0.991327405
362	1	1	0.9964790344
363	1	1	0.9968947768
364	1	1	0.9958779812
365	1	1	0.9965210557
366	1	1	0.9972364306
367	1	1	0.9976012111
368	1	1	0.9975583553
369	1	1	0.9976838827
370	1	1	0.9976235032
371	1	1	0.997507453
372	1	1	0.9973317385
373	1	1	0.9968139529
374	1	1	0.9964673519
375	1	1	0.9940613508
376	1	1	0.9852592349
377	1	1	0.983314395
378	1	1	0.9415637255
379	1	1	0.9399192929
380	1	1	0.9466730356
381	1	1	0.9475653172
382	1	1	0.9501695037
383	1	1	0.9710035324
384	1	1	0.9845889211
385	1	1	0.9942395091
386	1	1	0.9958615303
387	1	1	0.9965734482
388	1	1	0.99713099
389	1	1	0.9976027012
390	1	1	0.9976614714
391	1	1	0.997590065
392	1	1	0.9975730777
393	1	1	0.9965841174
394	1	1	0.9959313273
395	1	1	0.994577229
396	1	1	0.9945964217
397	1	1	0.9861072898
398	1	1	0.9750221372
399	1	1	0.9722169638
400	1	1	0.9713459611
401	1	1	0.9736428857
402	1	1	0.9861057401
403	1	1	0.9949097633
404	1	1	0.9947746992
405	1	1	0.9961678982
406	1	1	0.9967997074
407	1	1	0.9980276227
408	1	1	0.9976326227
409	1	1	0.9975540042
410	1	1	0.9974637032
411	1	1	0.9972865582
412	1	1	0.9967077971
413	1	1	0.9959554672
414	1	1	0.9945424795
415	1	1	0.9949386716
416	1	1	0.986569643
417	1	1	0.9864755273
418	1	1	0.9860966802
419	1	1	0.98587358
420	1	1	0.9944559336
421	1	1	0.9943143725
422	1	1	0.9958196282
423	1	1	0.9967840314
424	1	1	0.9973127842
425	1	1	0.9975072742
426	1	1	0.9975172877
427	1	1	0.99753654
428	1	1	0.9977313876
429	1	1	0.9977124333
430	1	1	0.9975344539
431	1	1	0.9974002838
432	1	1	0.9967224002
433	1	1	0.9968929291
434	1	1	0.9961176515
435	1	1	0.9948689342
436	1	1	0.994034946
437	1	1	0.994820714
438	1	1	0.9944028258
439	1	1	0.9943840504
440	1	1	0.9947444201
441	1	1	0.9941368103
442	1	1	0.9960902929
443	1	1	0.9965590239
444	1	1	0.9965509772
445	1	1	0.9971623421
446	1	1	0.9976471663
447	1	1	0.9974279404
448	1	1	0.9969881773
449	1	1	0.9962673187
450	1	1	0.9961568713
451	1	1	0.9962705374
452	1	1	0.9961230159
453	1	1	0.995885253
454	1	1	0.9975286722
455	1	1	0.9973964095
456	1	1	0.9969129562
457	1	1	0.9969539642
458	1	1	0.9969907999
459	1	1	0.9969133735
460	1	1	0.9974363446
461	1	1	0.9974639416
462	1	1	0.997369051
463	1	1	0.9972202778
464	1	1	0.9972267151
465	1	1	0.9975271821
466	1	1	0.9975269437
467	1	1	0.9974800944
468	1	1	0.9975227714
469	1	1	0.997564137
470	1	1	0.9976447821
471	1	1	0.9975630045
472	1	1	0.9976097941
2	1	2	0.9954130054
3	1	2	0.9955127239
4	1	2	0.9954293966
5	1	2	0.9954121709
6	1	2	0.9954140782
7	1	2	0.995444119
9	1	2	0.9955075979
10	1	2	0.9954733849
11	1	2	0.9954745173
12	1	2	0.9954326749
13	1	2	0.9954559803
14	1	2	0.9954336882
15	1	2	0.9954903126
16	1	2	0.9953253865
17	1	2	0.9954918623
18	1	2	0.9955525398
19	1	2	0.995495379
20	1	2	0.9953203201
21	1	2	0.9953633547
22	1	2	0.9953461885
23	1	2	0.995362699
24	1	2	0.9954466224
25	1	2	0.9954517484
26	1	2	0.995454669
27	1	2	0.9954742193
28	1	2	0.9954473376
29	1	2	0.995454967
30	1	2	0.9955003262
31	1	2	0.995487988
32	1	2	0.9954559803
33	1	2	0.9952988625
34	1	2	0.9954125881
35	1	2	0.9954883456
36	1	2	0.9953297973
37	1	2	0.995362699
38	1	2	0.9953295588
39	1	2	0.9953604341
40	1	2	0.9952798486
41	1	2	0.9954681993
42	1	2	0.9954561591
43	1	2	0.9954733849
44	1	2	0.9953630567
45	1	2	0.995359838
46	1	2	0.9952957034
47	1	2	0.995413065
48	1	2	0.995367825
49	1	2	0.9954557419
50	1	2	0.9953204393
51	1	2	0.995439291
52	1	2	0.9954195619
53	1	2	0.9951406121
54	1	2	0.9954158664
55	1	2	0.9953340888
56	1	2	0.9953334332
57	1	2	0.9954720736
58	1	2	0.9953019619
59	1	2	0.9954753518
60	1	2	0.9953190088
61	1	2	0.9954660535
62	1	2	0.9953433871
63	1	2	0.9954118133
64	1	2	0.9952793717
65	1	2	0.9953434467
66	1	2	0.9951810837
67	1	2	0.9951590896
68	1	2	0.9954119325
69	1	2	0.995244801
70	1	2	0.9951483011
71	1	2	0.9952684641
72	1	2	0.9952776432
73	1	2	0.9954059124
74	1	2	0.9953312874
75	1	2	0.9954753518
76	1	2	0.9954366088
77	1	2	0.9953008294
78	1	2	0.9952992797
79	1	2	0.9953116775
80	1	2	0.9952124357
81	1	2	0.995217979
82	1	2	0.9952149391
83	1	2	0.9950516224
84	1	2	0.9952462912
85	1	2	0.9952002168
86	1	2	0.9952665567
87	1	2	0.9952148199
88	1	2	0.9952322245
89	1	2	0.9952733517
90	1	2	0.9952263832
91	1	2	0.9953538179
92	1	2	0.9954274297
93	1	2	0.9954169989
94	1	2	0.9952808619
95	1	2	0.9952394962
96	1	2	0.9949976802
97	1	2	0.9950042963
98	1	2	0.9952661991
99	1	2	0.9949467182
100	1	2	0.9950252771
101	1	2	0.99481529
102	1	2	0.9952059388
103	1	2	0.9952869415
104	1	2	0.9950125813
105	1	2	0.9950993061
106	1	2	0.995084703
107	1	2	0.9953352213
108	1	2	0.9952584505
109	1	2	0.9953828454
110	1	2	0.9954569936
111	1	2	0.9952667356
112	1	2	0.9952384233
113	1	2	0.9952628016
114	1	2	0.9950799942
115	1	2	0.994610846
116	1	2	0.9943438172
117	1	2	0.9944948554
118	1	2	0.9945153594
119	1	2	0.9935480356
120	1	2	0.9945372343
121	1	2	0.9938225746
122	1	2	0.9947171211
123	1	2	0.9946523905
124	1	2	0.9950554967
125	1	2	0.9952448606
126	1	2	0.9952914119
127	1	2	0.9952750802
128	1	2	0.9953429699
129	1	2	0.9954657555
132	1	2	0.9953730106
133	1	2	0.9952557683
134	1	2	0.9953230619
135	1	2	0.9953479767
136	1	2	0.9952065945
137	1	2	0.9947174788
138	1	2	0.9948785305
139	1	2	0.993566215
140	1	2	0.9938081503
141	1	2	0.9927971363
142	1	2	0.9924014211
143	1	2	0.993583262
144	1	2	0.9934827685
145	1	2	0.9940286875
146	1	2	0.994351685
147	1	2	0.9946743846
148	1	2	0.9953151941
149	1	2	0.9949223995
150	1	2	0.9953254461
151	1	2	0.9951943755
152	1	2	0.9953621626
153	1	2	0.9954243898
155	1	2	0.9954592586
156	1	2	0.9954440594
157	1	2	0.9951660633
158	1	2	0.99519521
159	1	2	0.9952261448
160	1	2	0.9943590164
161	1	2	0.9932598472
162	1	2	0.9938920736
163	1	2	0.9926446676
164	1	2	0.9924283624
165	1	2	0.9913051128
166	1	2	0.988102138
167	1	2	0.9926761985
168	1	2	0.9921064377
169	1	2	0.9925863147
170	1	2	0.9941302538
171	1	2	0.9939233661
172	1	2	0.994617641
173	1	2	0.9952484369
174	1	2	0.9951269031
175	1	2	0.9952385426
176	1	2	0.9952827096
177	1	2	0.9952695966
178	1	2	0.9953635335
179	1	2	0.9955234528
180	1	2	0.995405674
181	1	2	0.9953553677
182	1	2	0.9953156114
183	1	2	0.9953417778
184	1	2	0.9951633811
185	1	2	0.9944842458
186	1	2	0.9931623936
187	1	2	0.9933840036
188	1	2	0.9929202795
189	1	2	0.9896320105
190	1	2	0.9899768829
191	1	2	0.9897378683
192	1	2	0.9700417519
193	1	2	0.9898328185
194	1	2	0.9905100465
195	1	2	0.9886770844
196	1	2	0.9920166731
197	1	2	0.9930598736
198	1	2	0.9930334091
199	1	2	0.9942572117
200	1	2	0.9951199889
201	1	2	0.9953308105
202	1	2	0.995256722
203	1	2	0.9953182936
204	1	2	0.995434761
205	1	2	0.9954791069
206	1	2	0.9954516292
207	1	2	0.9954372048
208	1	2	0.9955633283
209	1	2	0.9956127405
210	1	2	0.9953598976
211	1	2	0.9953796864
212	1	2	0.9954434633
213	1	2	0.9950634837
214	1	2	0.9948055148
215	1	2	0.9946117997
216	1	2	0.9933959246
217	1	2	0.992104888
218	1	2	0.9892239571
219	1	2	0.9699349999
220	1	2	0.971209228
221	1	2	0.9762831926
222	1	2	0.971159637
223	1	2	0.972946167
224	1	2	0.9737177491
225	1	2	0.973872304
226	1	2	0.9885373116
227	1	2	0.9923478961
228	1	2	0.9936169982
229	1	2	0.9941608906
230	1	2	0.994495213
231	1	2	0.9952295423
232	1	2	0.9951756001
233	1	2	0.9953277707
234	1	2	0.9952970743
235	1	2	0.9953972697
236	1	2	0.9955064058
237	1	2	0.9953714013
238	1	2	0.995497942
239	1	2	0.995578289
240	1	2	0.9952719212
241	1	2	0.9951898456
242	1	2	0.9951984882
243	1	2	0.9951001406
244	1	2	0.9945883155
245	1	2	0.993698597
246	1	2	0.9925562143
247	1	2	0.9895948768
248	1	2	0.9720851183
249	1	2	0.9701366425
250	1	2	0.9548688531
251	1	2	0.9618390799
252	1	2	0.9632232785
253	1	2	0.9442162514
254	1	2	0.9706412554
255	1	2	0.9820991755
256	1	2	0.9880908132
257	1	2	0.9918545485
258	1	2	0.9921277761
259	1	2	0.9936861396
260	1	2	0.9947001338
261	1	2	0.9949594736
262	1	2	0.9951661825
263	1	2	0.9952756166
264	1	2	0.9952247739
265	1	2	0.9954048991
266	1	2	0.9953918457
267	1	2	0.9954636693
268	1	2	0.9955019355
269	1	2	0.9953299165
270	1	2	0.9952559471
271	1	2	0.9953194857
272	1	2	0.9950012565
273	1	2	0.9942481518
274	1	2	0.9936614633
275	1	2	0.9926777482
276	1	2	0.989369452
277	1	2	0.9745808244
278	1	2	0.9545198083
279	1	2	0.9705234766
280	1	2	0.9667951465
281	1	2	0.9646811485
282	1	2	0.96935606
283	1	2	0.9778679609
284	1	2	0.9883811474
285	1	2	0.9913386106
286	1	2	0.9888938069
287	1	2	0.9921110272
288	1	2	0.9930105805
289	1	2	0.9945601821
290	1	2	0.9950338602
291	1	2	0.9952605963
292	1	2	0.9958382845
293	1	2	0.9953771234
294	1	2	0.9954324365
295	1	2	0.9954039454
296	1	2	0.9953851104
297	1	2	0.9953922629
298	1	2	0.9950979948
299	1	2	0.9943793416
300	1	2	0.9933434129
301	1	2	0.9910652637
302	1	2	0.989548564
303	1	2	0.9764459729
304	1	2	0.9475157261
305	1	2	0.9835236669
306	1	2	0.9762403965
307	1	2	0.9620361328
308	1	2	0.9592474103
309	1	2	0.9685025215
310	1	2	0.9463323951
311	1	2	0.9772216678
312	1	2	0.9904846549
313	1	2	0.9918335676
314	1	2	0.9932931662
315	1	2	0.9945155382
316	1	2	0.9951729774
317	1	2	0.9953563809
318	1	2	0.9953321815
319	1	2	0.9953528643
320	1	2	0.9952971339
321	1	2	0.9953843355
322	1	2	0.9954496622
323	1	2	0.9952454567
324	1	2	0.9944668412
325	1	2	0.9931486249
326	1	2	0.9910449386
327	1	2	0.9886929989
328	1	2	0.974635005
329	1	2	0.9445636868
330	1	2	0.9262216091
331	1	2	0.8673353791
332	1	2	0.9738991261
333	1	2	0.9898703694
334	1	2	0.9925764203
335	1	2	0.9902499318
336	1	2	0.9861345291
337	1	2	0.9729969501
338	1	2	0.989993453
339	1	2	0.9927257895
340	1	2	0.9937241077
341	1	2	0.9950622916
342	1	2	0.9952231646
343	1	2	0.9950749278
344	1	2	0.9953022003
345	1	2	0.995439887
346	1	2	0.9953204393
347	1	2	0.9953699708
348	1	2	0.9950998425
349	1	2	0.9951571822
350	1	2	0.9948573112
351	1	2	0.9934458733
352	1	2	0.9922037125
353	1	2	0.9907236099
354	1	2	0.9733295441
355	1	2	0.9583231807
356	1	2	0.8963841796
357	1	2	0.8175985217
358	1	2	0.8449851871
359	1	2	0.9465892315
360	1	2	0.9766739607
361	1	2	0.9827300906
362	1	2	0.9929704666
363	1	2	0.9937992692
364	1	2	0.9917728901
365	1	2	0.9930542707
366	1	2	0.9944805503
367	1	2	0.9952081442
368	1	2	0.9951226711
369	1	2	0.9953731298
370	1	2	0.9952526689
371	1	2	0.9950211644
372	1	2	0.9946706295
373	1	2	0.9936380386
374	1	2	0.9929472208
375	1	2	0.9881580472
376	1	2	0.9707357287
377	1	2	0.9669072628
378	1	2	0.886542201
379	1	2	0.8834482431
380	1	2	0.8961898685
381	1	2	0.8978800178
382	1	2	0.9028220773
383	1	2	0.9428477883
384	1	2	0.969415307
385	1	2	0.9885121584
386	1	2	0.9917401671
387	1	2	0.9931585789
388	1	2	0.9942702055
389	1	2	0.995211184
390	1	2	0.9953284264
391	1	2	0.9951859117
392	1	2	0.9951520562
393	1	2	0.9931798577
394	1	2	0.9918792248
395	1	2	0.9891838431
396	1	2	0.9892220497
397	1	2	0.9724075794
398	1	2	0.9506681561
399	1	2	0.9452058673
400	1	2	0.9435129762
401	1	2	0.9479805231
402	1	2	0.9724045992
403	1	2	0.9898453951
404	1	2	0.9895766377
405	1	2	0.9923505187
406	1	2	0.9936096072
407	1	2	0.9960591793
408	1	2	0.9952709079
409	1	2	0.9951139688
410	1	2	0.9949338436
411	1	2	0.9945804477
412	1	2	0.9934263825
413	1	2	0.9919273257
414	1	2	0.9891147614
415	1	2	0.9899029732
416	1	2	0.9733197093
417	1	2	0.9731339812
418	1	2	0.9723865986
419	1	2	0.9719467163
420	1	2	0.9889425635
421	1	2	0.9886611104
422	1	2	0.9916567802
423	1	2	0.9935783744
424	1	2	0.9946327806
425	1	2	0.9950208068
426	1	2	0.9950406551
427	1	2	0.9950791597
428	1	2	0.9954679012
429	1	2	0.9954301119
430	1	2	0.9950749874
431	1	2	0.994807303
432	1	2	0.9934555292
433	1	2	0.9937954545
434	1	2	0.9922503829
435	1	2	0.989764154
436	1	2	0.9881055355
437	1	2	0.9896683097
438	1	2	0.9888369441
439	1	2	0.9887996912
440	1	2	0.9895164967
441	1	2	0.9883080125
442	1	2	0.9921958447
443	1	2	0.993129909
444	1	2	0.9931138754
445	1	2	0.9943327308
446	1	2	0.9952998757
447	1	2	0.9948624969
448	1	2	0.9939854145
449	1	2	0.9925485253
450	1	2	0.9923285246
451	1	2	0.9925549626
452	1	2	0.9922610521
453	1	2	0.9917874336
454	1	2	0.9950634837
455	1	2	0.9947995543
456	1	2	0.9938354492
457	1	2	0.9939172268
458	1	2	0.9939906597
459	1	2	0.9938362837
460	1	2	0.9948792458
461	1	2	0.9949342608
462	1	2	0.9947450161
463	1	2	0.9944483042
464	1	2	0.9944611788
465	1	2	0.9950604439
466	1	2	0.995059967
467	1	2	0.994966507
468	1	2	0.995051682
469	1	2	0.9951342344
470	1	2	0.9952951074
471	1	2	0.9951319098
472	1	2	0.9952253103
2	1	3	0.9931274056
3	1	3	0.9932766557
4	1	3	0.9931519032
5	1	3	0.9931261539
6	1	3	0.9931289554
7	1	3	0.9931739569
9	1	3	0.9932689071
10	1	3	0.9932177663
11	1	3	0.9932194352
12	1	3	0.9931569099
13	1	3	0.9931917191
14	1	3	0.9931583405
15	1	3	0.9932430983
16	1	3	0.9929962754
17	1	3	0.9932454228
18	1	3	0.9933362007
19	1	3	0.993250668
20	1	3	0.9929887056
21	1	3	0.9930530787
22	1	3	0.9930274487
23	1	3	0.993052125
24	1	3	0.993177712
25	1	3	0.9931853414
26	1	3	0.9931897521
27	1	3	0.993219018
28	1	3	0.9931787252
29	1	3	0.9931902289
30	1	3	0.993258059
31	1	3	0.9932395816
32	1	3	0.9931917191
33	1	3	0.9929566383
34	1	3	0.9931268096
35	1	3	0.993240118
36	1	3	0.9930028915
37	1	3	0.993052125
38	1	3	0.9930025339
39	1	3	0.9930486679
40	1	3	0.9929280877
41	1	3	0.9932100177
42	1	3	0.9931920171
43	1	3	0.9932178259
44	1	3	0.9930526018
45	1	3	0.9930478334
46	1	3	0.9929518104
47	1	3	0.9931275249
48	1	3	0.9930597544
49	1	3	0.9931913614
50	1	3	0.9929888844
51	1	3	0.9931667447
52	1	3	0.9931372404
53	1	3	0.9927197695
54	1	3	0.9931316972
55	1	3	0.9930092692
56	1	3	0.9930083752
57	1	3	0.9932157993
58	1	3	0.9929612279
59	1	3	0.9932207465
60	1	3	0.9929867983
61	1	3	0.993206799
62	1	3	0.9930232167
63	1	3	0.9931256175
64	1	3	0.9929274321
65	1	3	0.9930232763
66	1	3	0.9927803278
67	1	3	0.992747426
68	1	3	0.9931257367
69	1	3	0.9928756952
70	1	3	0.9927312732
71	1	3	0.9929111004
72	1	3	0.9929248095
73	1	3	0.993116796
74	1	3	0.9930051565
75	1	3	0.9932207465
76	1	3	0.9931627512
77	1	3	0.992959559
78	1	3	0.9929571748
79	1	3	0.9929757714
80	1	3	0.9928272367
81	1	3	0.9928355813
82	1	3	0.9928309321
83	1	3	0.9925866127
84	1	3	0.9928779602
85	1	3	0.9928089976
86	1	3	0.992908299
87	1	3	0.9928308129
88	1	3	0.9928568602
89	1	3	0.9929184318
90	1	3	0.9928481579
91	1	3	0.9930388331
92	1	3	0.9931490421
93	1	3	0.9931333661
94	1	3	0.9929296374
95	1	3	0.9928677678
96	1	3	0.992505908
97	1	3	0.9925158024
98	1	3	0.9929077029
99	1	3	0.9924296737
100	1	3	0.992547214
101	1	3	0.9922330379
102	1	3	0.9928175211
103	1	3	0.9929386973
104	1	3	0.9925282598
105	1	3	0.9926579595
106	1	3	0.9926361442
107	1	3	0.9930109978
108	1	3	0.99289608
109	1	3	0.9930822253
110	1	3	0.9931932092
111	1	3	0.9929085374
112	1	3	0.9928661585
113	1	3	0.9929025769
114	1	3	0.9926290512
115	1	3	0.9919271469
116	1	3	0.9915276766
117	1	3	0.9917536378
118	1	3	0.9917842746
119	1	3	0.9903376698
120	1	3	0.9918170571
121	1	3	0.9907482266
122	1	3	0.9920861721
123	1	3	0.9919893146
124	1	3	0.9925923944
125	1	3	0.9928757548
126	1	3	0.9929454327
127	1	3	0.9929209948
128	1	3	0.9930226207
129	1	3	0.9932063222
132	1	3	0.9930675626
133	1	3	0.9928920865
134	1	3	0.9929928184
135	1	3	0.9930300713
136	1	3	0.9928185344
137	1	3	0.9920867085
138	1	3	0.9923276901
139	1	3	0.9903648496
140	1	3	0.9907266498
141	1	3	0.9892151356
142	1	3	0.9886237979
143	1	3	0.9903903008
144	1	3	0.9902400374
145	1	3	0.9910564423
146	1	3	0.9915395379
147	1	3	0.9920222163
148	1	3	0.9929810166
149	1	3	0.9923933148
150	1	3	0.9929963946
151	1	3	0.9928002357
152	1	3	0.9930512905
153	1	3	0.993144393
155	1	3	0.9931966066
156	1	3	0.9931738377
157	1	3	0.9927578568
158	1	3	0.9928014874
159	1	3	0.9928478003
160	1	3	0.9915504456
161	1	3	0.9899067879
162	1	3	0.9908521175
163	1	3	0.9889873266
164	1	3	0.9886640906
165	1	3	0.9869861007
166	1	3	0.9822063446
167	1	3	0.9890344143
168	1	3	0.9881830812
169	1	3	0.988900125
170	1	3	0.9912083149
171	1	3	0.9908989072
172	1	3	0.9919373393
173	1	3	0.9928811789
174	1	3	0.9926992059
175	1	3	0.9928663373
176	1	3	0.9929324389
177	1	3	0.9929127693
178	1	3	0.9930533171
179	1	3	0.9932927489
180	1	3	0.9931164384
181	1	3	0.9930411577
182	1	3	0.9929816127
183	1	3	0.9930207729
184	1	3	0.9927538633
185	1	3	0.991737783
186	1	3	0.9897611737
187	1	3	0.9900923967
188	1	3	0.9893992543
189	1	3	0.9844884276
190	1	3	0.9850031137
191	1	3	0.9846463799
192	1	3	0.9554009438
193	1	3	0.9847880602
194	1	3	0.9857988954
195	1	3	0.983063817
196	1	3	0.9880489111
197	1	3	0.9896079302
198	1	3	0.9895682931
199	1	3	0.9913982153
200	1	3	0.9926889539
201	1	3	0.9930043817
202	1	3	0.9928935766
203	1	3	0.9929856658
204	1	3	0.9931600094
205	1	3	0.9932263494
206	1	3	0.9931852221
207	1	3	0.9931635857
208	1	3	0.9933524132
209	1	3	0.9934263229
210	1	3	0.993047893
211	1	3	0.9930775166
212	1	3	0.9931729436
213	1	3	0.9926043749
214	1	3	0.9922184348
215	1	3	0.9919285774
216	1	3	0.9901102185
217	1	3	0.988180697
218	1	3	0.9838795662
219	1	3	0.9552432299
220	1	3	0.9571262002
221	1	3	0.9646365643
222	1	3	0.9570528269
223	1	3	0.9596949816
224	1	3	0.9608368278
225	1	3	0.9610655904
226	1	3	0.98285532
227	1	3	0.9885438681
228	1	3	0.9904407859
229	1	3	0.9912540913
230	1	3	0.9917541742
231	1	3	0.9928528666
232	1	3	0.9927721024
233	1	3	0.9929998517
234	1	3	0.9929538965
235	1	3	0.9931038618
236	1	3	0.9932672381
237	1	3	0.9930651784
238	1	3	0.9932544827
239	1	3	0.9933747649
240	1	3	0.992916286
241	1	3	0.9927934408
242	1	3	0.9928064346
243	1	3	0.9926592112
244	1	3	0.9918934703
245	1	3	0.990562737
246	1	3	0.9888551235
247	1	3	0.9844329953
248	1	3	0.9584212303
249	1	3	0.9555410743
250	1	3	0.9330729246
251	1	3	0.9433082342
252	1	3	0.9453452826
253	1	3	0.9175024033
254	1	3	0.9562866688
255	1	3	0.9732692838
256	1	3	0.9821894765
257	1	3	0.9878066778
258	1	3	0.98821491
259	1	3	0.9905441999
260	1	3	0.9920607209
261	1	3	0.9924487472
262	1	3	0.9927579761
263	1	3	0.9929217696
264	1	3	0.9928457141
265	1	3	0.9931153059
266	1	3	0.993095696
267	1	3	0.9932032824
268	1	3	0.9932605028
269	1	3	0.9930030107
270	1	3	0.9928923845
271	1	3	0.9929873943
272	1	3	0.9925112724
273	1	3	0.9913846254
274	1	3	0.9905072451
275	1	3	0.9890367389
276	1	3	0.9840965867
277	1	3	0.9621145725
278	1	3	0.9325613976
279	1	3	0.9561126828
280	1	3	0.9506084323
281	1	3	0.9474922419
282	1	3	0.954388082
283	1	3	0.9669862986
284	1	3	0.9826224446
285	1	3	0.9870360494
286	1	3	0.983387053
287	1	3	0.9881899357
288	1	3	0.9895342588
289	1	3	0.9918513894
290	1	3	0.992560029
291	1	3	0.9928993583
292	1	3	0.993763864
293	1	3	0.9930737019
294	1	3	0.9931564331
295	1	3	0.9931138158
296	1	3	0.9930856824
297	1	3	0.9930963516
298	1	3	0.9926560521
299	1	3	0.9915808439
300	1	3	0.9900317788
301	1	3	0.9866278172
302	1	3	0.9843639135
303	1	3	0.9648777843
304	1	3	0.922315836
305	1	3	0.9753876328
306	1	3	0.9645731449
307	1	3	0.9435981512
308	1	3	0.9394981861
309	1	3	0.9531278014
310	1	3	0.920588553
311	1	3	0.9660278559
312	1	3	0.9857609868
313	1	3	0.987775445
314	1	3	0.9899566174
315	1	3	0.9917846322
316	1	3	0.9927682281
317	1	3	0.9930426478
318	1	3	0.9930064678
319	1	3	0.993037343
320	1	3	0.9929540157
321	1	3	0.9930845499
322	1	3	0.9931822419
323	1	3	0.9928766489
324	1	3	0.9917117953
325	1	3	0.9897405505
326	1	3	0.986597538
327	1	3	0.9830875993
328	1	3	0.9621948004
329	1	3	0.9180088043
330	1	3	0.8913995028
331	1	3	0.807756722
332	1	3	0.9611052871
333	1	3	0.9848440289
334	1	3	0.9888853431
335	1	3	0.9854106307
336	1	3	0.9792740345
337	1	3	0.9597700834
338	1	3	0.9850278497
339	1	3	0.9891085625
340	1	3	0.9906009436
341	1	3	0.9926025867
342	1	3	0.9928433299
343	1	3	0.992621541
344	1	3	0.9929616451
345	1	3	0.9931676388
346	1	3	0.9929888844
347	1	3	0.993062973
348	1	3	0.9926587939
349	1	3	0.992744565
350	1	3	0.9922959208
351	1	3	0.9901849031
352	1	3	0.9883283973
353	1	3	0.9861177206
354	1	3	0.960262239
355	1	3	0.9381407499
356	1	3	0.8486747146
357	1	3	0.7392820716
358	1	3	0.7767363787
359	1	3	0.920963347
360	1	3	0.9652157426
361	1	3	0.9742072821
362	1	3	0.9894742966
363	1	3	0.9907132983
364	1	3	0.9876847863
365	1	3	0.9895995259
366	1	3	0.9917322397
367	1	3	0.992820859
368	1	3	0.9926929474
369	1	3	0.9930676818
370	1	3	0.9928874969
371	1	3	0.9925410151
372	1	3	0.9920165539
373	1	3	0.9904722571
374	1	3	0.9894394875
375	1	3	0.9822897315
376	1	3	0.9564263821
377	1	3	0.9507738352
378	1	3	0.83473593
379	1	3	0.8303700686
380	1	3	0.8483987451
381	1	3	0.8507999778
382	1	3	0.8578339815
383	1	3	0.9155085683
384	1	3	0.9544755816
385	1	3	0.9828178287
386	1	3	0.9876358509
387	1	3	0.9897554517
388	1	3	0.9914175868
389	1	3	0.9928253889
390	1	3	0.993000865
391	1	3	0.9927875996
392	1	3	0.9927369356
393	1	3	0.989787221
394	1	3	0.9878435731
395	1	3	0.9838197231
396	1	3	0.9838767648
397	1	3	0.9588981867
398	1	3	0.9269225001
399	1	3	0.9189451933
400	1	3	0.9164775014
401	1	3	0.9229944944
402	1	3	0.9588937759
403	1	3	0.9848068357
404	1	3	0.9844058156
405	1	3	0.9885477424
406	1	3	0.990429759
407	1	3	0.9940946102
408	1	3	0.9929147363
409	1	3	0.992679894
410	1	3	0.9924103618
411	1	3	0.9918816686
412	1	3	0.9901558161
413	1	3	0.9879154563
414	1	3	0.9837166667
415	1	3	0.9848927855
416	1	3	0.9602476954
417	1	3	0.959972918
418	1	3	0.9588671923
419	1	3	0.9582166076
420	1	3	0.9834597707
421	1	3	0.9830399752
422	1	3	0.9875112772
423	1	3	0.990383029
424	1	3	0.9919599891
425	1	3	0.9925404787
426	1	3	0.992570281
427	1	3	0.9926278591
428	1	3	0.9932095408
429	1	3	0.9931530356
430	1	3	0.9926216006
431	1	3	0.9922210574
432	1	3	0.9901993871
433	1	3	0.9907076359
434	1	3	0.9883981347
435	1	3	0.9846855998
436	1	3	0.982211411
437	1	3	0.9845425487
438	1	3	0.9833022356
439	1	3	0.9832466841
440	1	3	0.9843159914
441	1	3	0.9825133681
442	1	3	0.9883165956
443	1	3	0.9897125363
444	1	3	0.9896885753
445	1	3	0.9915111661
446	1	3	0.9929580688
447	1	3	0.9923036098
448	1	3	0.990991652
449	1	3	0.9888436198
450	1	3	0.9885148406
451	1	3	0.9888532758
452	1	3	0.9884141088
453	1	3	0.9877064824
454	1	3	0.9926043153
455	1	3	0.9922094941
456	1	3	0.9907674193
457	1	3	0.9908897281
458	1	3	0.9909995794
459	1	3	0.990768671
460	1	3	0.992328763
461	1	3	0.992411077
462	1	3	0.9921278954
463	1	3	0.9916840196
464	1	3	0.9917032719
465	1	3	0.9925997853
466	1	3	0.9925991297
467	1	3	0.9924592376
468	1	3	0.9925867319
469	1	3	0.9927102327
470	1	3	0.9929509759
471	1	3	0.9927067757
472	1	3	0.992846489
2	1	4	0.9908470511
3	1	4	0.9910455942
4	1	4	0.9908796549
5	1	4	0.9908453226
6	1	4	0.9908491373
7	1	4	0.9909089804
9	1	4	0.9910353422
10	1	4	0.9909672737
11	1	4	0.9909694791
12	1	4	0.990886271
13	1	4	0.9909326434
14	1	4	0.9908881783
15	1	4	0.9910010099
16	1	4	0.990672648
17	1	4	0.9910040498
18	1	4	0.9911248088
19	1	4	0.9910110235
20	1	4	0.9906625152
21	1	4	0.990748167
22	1	4	0.9907140732
23	1	4	0.9907469153
24	1	4	0.9909139872
25	1	4	0.9909241199
26	1	4	0.9909300208
27	1	4	0.990968883
28	1	4	0.9909153581
29	1	4	0.9909306765
30	1	4	0.9910208583
31	1	4	0.9909963012
32	1	4	0.9909325838
33	1	4	0.9906198382
34	1	4	0.9908462167
35	1	4	0.9909970164
36	1	4	0.9906814694
37	1	4	0.9907469153
38	1	4	0.9906809926
39	1	4	0.9907423258
40	1	4	0.9905819297
41	1	4	0.9909569621
42	1	4	0.990933001
43	1	4	0.9909673333
44	1	4	0.990747571
45	1	4	0.9907411933
46	1	4	0.9906134605
47	1	4	0.99084723
48	1	4	0.9907570481
49	1	4	0.990932107
50	1	4	0.9906628132
51	1	4	0.990899384
52	1	4	0.9908601642
53	1	4	0.9903047681
54	1	4	0.9908527732
55	1	4	0.9906899333
56	1	4	0.9906886816
57	1	4	0.9909645915
58	1	4	0.9906260371
59	1	4	0.9909712076
60	1	4	0.9906599522
61	1	4	0.9909526706
62	1	4	0.9907084703
63	1	4	0.9908447266
64	1	4	0.9905810356
65	1	4	0.9907085299
66	1	4	0.9903853536
67	1	4	0.9903416634
68	1	4	0.9908448458
69	1	4	0.9905121922
70	1	4	0.9903200865
71	1	4	0.9905592799
72	1	4	0.9905775189
73	1	4	0.9908329248
74	1	4	0.9906843901
75	1	4	0.9909712076
76	1	4	0.9908940196
77	1	4	0.9906237721
78	1	4	0.9906206131
79	1	4	0.990645349
80	1	4	0.9904477596
81	1	4	0.9904588461
82	1	4	0.9904527068
83	1	4	0.9901276827
84	1	4	0.9905152321
85	1	4	0.9904235005
86	1	4	0.9905555844
87	1	4	0.990452528
88	1	4	0.9904871583
89	1	4	0.9905690551
90	1	4	0.990475595
91	1	4	0.9907292128
92	1	4	0.9908757806
93	1	4	0.9908549786
94	1	4	0.9905840158
95	1	4	0.9905016422
96	1	4	0.9900203943
97	1	4	0.990033567
98	1	4	0.99055475
99	1	4	0.9899190068
100	1	4	0.9900753498
101	1	4	0.9896574616
102	1	4	0.9904348254
103	1	4	0.990596056
104	1	4	0.9900500774
105	1	4	0.9902226329
106	1	4	0.9901936054
107	1	4	0.9906921983
108	1	4	0.990539372
109	1	4	0.9907869697
110	1	4	0.9909346104
111	1	4	0.9905559421
112	1	4	0.9904995561
113	1	4	0.9905480146
114	1	4	0.9901841283
115	1	4	0.9892507195
116	1	4	0.9887195826
117	1	4	0.98901999
118	1	4	0.9890607595
119	1	4	0.9871376753
120	1	4	0.9891043305
121	1	4	0.9876833558
122	1	4	0.9894621968
123	1	4	0.9893333316
124	1	4	0.9901354313
125	1	4	0.9905122519
126	1	4	0.9906049967
127	1	4	0.9905724525
128	1	4	0.9907076955
129	1	4	0.9909520745
132	1	4	0.9907674789
133	1	4	0.9905340075
134	1	4	0.9906679988
135	1	4	0.9907175899
136	1	4	0.9904361963
137	1	4	0.9894629121
138	1	4	0.9897833467
139	1	4	0.9871738553
140	1	4	0.987654686
141	1	4	0.9856461287
142	1	4	0.9848605394
143	1	4	0.9872076511
144	1	4	0.9870079756
145	1	4	0.9880930781
146	1	4	0.9887353182
147	1	4	0.989377141
148	1	4	0.9906523228
149	1	4	0.9898706079
150	1	4	0.9906727672
151	1	4	0.9904118776
152	1	4	0.9907457829
153	1	4	0.9908696413
155	1	4	0.9909390807
156	1	4	0.9909088016
157	1	4	0.9903554916
158	1	4	0.9904135466
159	1	4	0.9904751182
160	1	4	0.9887498021
161	1	4	0.9865651131
162	1	4	0.9878214598
163	1	4	0.9853433967
164	1	4	0.984914124
165	1	4	0.982685864
166	1	4	0.9763457775
167	1	4	0.9854059815
168	1	4	0.9842752218
169	1	4	0.9852276444
170	1	4	0.9882949591
171	1	4	0.9878836274
172	1	4	0.9892642498
173	1	4	0.9905195236
174	1	4	0.9902775288
175	1	4	0.9904997945
176	1	4	0.9905877113
177	1	4	0.9905615449
178	1	4	0.9907485247
179	1	4	0.9910669923
180	1	4	0.9908325076
181	1	4	0.9907323122
182	1	4	0.9906531572
183	1	4	0.9907052517
184	1	4	0.9903501868
185	1	4	0.9889989495
186	1	4	0.9863715768
187	1	4	0.9868116975
188	1	4	0.9858906865
189	1	4	0.9793715477
190	1	4	0.9800542593
191	1	4	0.979581058
192	1	4	0.9409810305
193	1	4	0.9797689915
194	1	4	0.9811102152
195	1	4	0.9774823785
196	1	4	0.9840970635
197	1	4	0.9861679673
198	1	4	0.9861153364
199	1	4	0.9885473847
200	1	4	0.9902638793
201	1	4	0.9906834364
202	1	4	0.9905359745
203	1	4	0.990658462
204	1	4	0.9908903837
205	1	4	0.9909787178
206	1	4	0.9909239411
207	1	4	0.9908951521
208	1	4	0.9911463261
209	1	4	0.9912447333
210	1	4	0.9907412529
211	1	4	0.9907807112
212	1	4	0.9909076691
213	1	4	0.9901513457
214	1	4	0.9896380901
215	1	4	0.9892526269
216	1	4	0.9868354201
217	1	4	0.9842720628
218	1	4	0.9785640836
219	1	4	0.9407739043
220	1	4	0.9432473779
221	1	4	0.9531288743
222	1	4	0.9431509972
223	1	4	0.946624279
224	1	4	0.9481262565
225	1	4	0.9484272599
226	1	4	0.9772060513
227	1	4	0.9847543836
228	1	4	0.9872747064
229	1	4	0.9883558154
230	1	4	0.9890207052
231	1	4	0.9904818535
232	1	4	0.9903744459
233	1	4	0.9906773567
234	1	4	0.990616262
235	1	4	0.9908157587
236	1	4	0.9910330176
237	1	4	0.9907642603
238	1	4	0.9910160899
239	1	4	0.9911760688
240	1	4	0.9905661941
241	1	4	0.9904027581
242	1	4	0.9904201031
243	1	4	0.9902243018
244	1	4	0.9892059565
245	1	4	0.987436831
246	1	4	0.9851678014
247	1	4	0.9792980552
248	1	4	0.9449494481
249	1	4	0.9411651492
250	1	4	0.9117745161
251	1	4	0.9251344204
252	1	4	0.9277991056
253	1	4	0.891544342
254	1	4	0.9421443939
255	1	4	0.9645187855
256	1	4	0.9763234258
257	1	4	0.9837753773
258	1	4	0.9843174815
259	1	4	0.9874121547
260	1	4	0.9894283414
261	1	4	0.9899443984
262	1	4	0.9903556705
263	1	4	0.9905735254
264	1	4	0.9904723167
265	1	4	0.9908308983
266	1	4	0.9908049107
267	1	4	0.9909479618
268	1	4	0.9910241365
269	1	4	0.9906815886
270	1	4	0.9905344248
271	1	4	0.9906608462
272	1	4	0.9900274873
273	1	4	0.9885293841
274	1	4	0.9873631001
275	1	4	0.9854091406
276	1	4	0.9788519144
277	1	4	0.9498077631
278	1	4	0.9111080766
279	1	4	0.9419158697
280	1	4	0.9346928
281	1	4	0.9306096435
282	1	4	0.9396511912
283	1	4	0.9562257528
284	1	4	0.9768972993
285	1	4	0.9827522039
286	1	4	0.9779109359
287	1	4	0.9842843413
288	1	4	0.9860700369
289	1	4	0.9891499877
290	1	4	0.9900923967
291	1	4	0.9905436635
292	1	4	0.9916938543
293	1	4	0.9907755852
294	1	4	0.990885675
295	1	4	0.9908289909
296	1	4	0.9907915592
297	1	4	0.9908057451
298	1	4	0.9902200699
299	1	4	0.9887902737
300	1	4	0.9867311716
301	1	4	0.9822102785
302	1	4	0.9792063832
303	1	4	0.9534466863
304	1	4	0.8977860808
305	1	4	0.9673188329
306	1	4	0.9530453086
307	1	4	0.9255135655
308	1	4	0.9201555848
309	1	4	0.9379971623
310	1	4	0.8955450654
311	1	4	0.9549622536
312	1	4	0.9810597897
313	1	4	0.9837338328
314	1	4	0.9866313338
315	1	4	0.9890611768
316	1	4	0.9903692603
317	1	4	0.9907343388
318	1	4	0.9906861186
319	1	4	0.9907272458
320	1	4	0.9906163812
321	1	4	0.9907900095
322	1	4	0.9909200072
323	1	4	0.9905135036
324	1	4	0.9889643788
325	1	4	0.9863442183
326	1	4	0.982170105
327	1	4	0.9775139093
328	1	4	0.9499133825
329	1	4	0.8922005296
330	1	4	0.8578864932
331	1	4	0.7522706389
332	1	4	0.9484794736
333	1	4	0.9798433185
334	1	4	0.9852079749
335	1	4	0.980594933
336	1	4	0.9724613428
337	1	4	0.9467230439
338	1	4	0.9800871015
339	1	4	0.9855045676
340	1	4	0.9874876142
341	1	4	0.9901489615
342	1	4	0.9904691577
343	1	4	0.9901741147
344	1	4	0.990626514
345	1	4	0.9909005761
346	1	4	0.9906628132
347	1	4	0.9907613993
348	1	4	0.9902237058
349	1	4	0.9903378487
350	1	4	0.989741087
351	1	4	0.9869346619
352	1	4	0.9844682217
353	1	4	0.981533289
354	1	4	0.94737041
355	1	4	0.9183833003
356	1	4	0.8035045862
357	1	4	0.6684674025
358	1	4	0.7139999866
359	1	4	0.8960312009
360	1	4	0.9538919926
361	1	4	0.9657583833
362	1	4	0.9859904051
363	1	4	0.9876369238
364	1	4	0.9836134911
365	1	4	0.9861567616
366	1	4	0.9889915586
367	1	4	0.9904392958
368	1	4	0.9902691245
369	1	4	0.9907675982
370	1	4	0.9905278683
371	1	4	0.9900670648
372	1	4	0.9893696308
373	1	4	0.9873165488
374	1	4	0.9859441519
375	1	4	0.9764562845
376	1	4	0.9423279166
377	1	4	0.9349095821
378	1	4	0.7859570384
379	1	4	0.7804808021
380	1	4	0.8031562567
381	1	4	0.8061885834
382	1	4	0.815087676
383	1	4	0.8889620304
384	1	4	0.9397660494
385	1	4	0.9771563411
386	1	4	0.983548522
387	1	4	0.986364007
388	1	4	0.9885731936
389	1	4	0.9904453158
390	1	4	0.9906787276
391	1	4	0.9903950691
392	1	4	0.9903276563
393	1	4	0.9864062071
394	1	4	0.9838243723
395	1	4	0.9784846902
396	1	4	0.9785603285
397	1	4	0.945576489
398	1	4	0.9037699699
399	1	4	0.8934140801
400	1	4	0.8902167082
401	1	4	0.8986670375
402	1	4	0.9455707073
403	1	4	0.9797939062
404	1	4	0.9792619944
405	1	4	0.9847595692
406	1	4	0.9872601032
407	1	4	0.9921338558
408	1	4	0.9905641675
409	1	4	0.9902517796
410	1	4	0.9898933172
411	1	4	0.9891902804
412	1	4	0.9868959785
413	1	4	0.9839198589
414	1	4	0.9783480167
415	1	4	0.9799079299
416	1	4	0.9473512173
417	1	4	0.9469897747
418	1	4	0.9455357194
419	1	4	0.9446803927
420	1	4	0.9780073762
421	1	4	0.9774508476
422	1	4	0.9833831191
423	1	4	0.9871979952
424	1	4	0.9892943501
425	1	4	0.9900664091
426	1	4	0.9901059866
427	1	4	0.9901825786
428	1	4	0.9909563065
429	1	4	0.990881145
430	1	4	0.9901742935
431	1	4	0.9896415472
432	1	4	0.9869539142
433	1	4	0.9876294136
434	1	4	0.9845608473
435	1	4	0.9796330929
436	1	4	0.9763525128
437	1	4	0.9794433117
438	1	4	0.9777984619
439	1	4	0.9777248502
440	1	4	0.9791428447
441	1	4	0.9767526984
442	1	4	0.9844525456
443	1	4	0.9863069654
444	1	4	0.9862751365
445	1	4	0.9886975884
446	1	4	0.9906218052
447	1	4	0.989751339
448	1	4	0.9880069494
449	1	4	0.9851525426
450	1	4	0.984715879
451	1	4	0.9851653576
452	1	4	0.9845820665
453	1	4	0.9836422801
454	1	4	0.9901512861
455	1	4	0.9896261692
456	1	4	0.9877088666
457	1	4	0.9878714681
458	1	4	0.9880174398
459	1	4	0.9877105355
460	1	4	0.9897847772
461	1	4	0.9898942113
462	1	4	0.9895176888
463	1	4	0.9889274836
464	1	4	0.988953054
465	1	4	0.9901452661
466	1	4	0.990144372
467	1	4	0.9899583459
468	1	4	0.9901279211
469	1	4	0.9902921319
470	1	4	0.9906123877
471	1	4	0.9902875423
472	1	4	0.9904733896
2	1	5	0.9885718822
3	1	5	0.9888195395
4	1	5	0.9886125922
5	1	5	0.9885697961
6	1	5	0.9885745645
7	1	5	0.9886491895
9	1	5	0.9888067245
10	1	5	0.9887219071
11	1	5	0.988724649
12	1	5	0.9886208177
13	1	5	0.9886786342
14	1	5	0.9886232615
15	1	5	0.9887639284
16	1	5	0.9883544445
17	1	5	0.9887677431
18	1	5	0.988918364
19	1	5	0.9887763858
20	1	5	0.9883418083
21	1	5	0.9884486198
22	1	5	0.9884061217
23	1	5	0.9884470701
24	1	5	0.9886553884
25	1	5	0.9886680841
26	1	5	0.9886754155
27	1	5	0.9887238741
28	1	5	0.9886571169
29	1	5	0.9886761904
30	1	5	0.9887886643
31	1	5	0.9887580872
32	1	5	0.9886786342
33	1	5	0.9882885814
34	1	5	0.9885709286
35	1	5	0.9887589812
36	1	5	0.9883654118
37	1	5	0.9884470701
38	1	5	0.9883648157
39	1	5	0.9884413481
40	1	5	0.9882413149
41	1	5	0.9887090325
42	1	5	0.988679111
43	1	5	0.9887219071
44	1	5	0.988447845
45	1	5	0.9884399176
46	1	5	0.988280654
47	1	5	0.9885721207
48	1	5	0.9884597063
49	1	5	0.9886780381
50	1	5	0.9883421659
51	1	5	0.9886372089
52	1	5	0.9885882735
53	1	5	0.9878957272
54	1	5	0.9885790348
55	1	5	0.9883759618
56	1	5	0.9883744121
57	1	5	0.9887185693
58	1	5	0.9882962704
59	1	5	0.9887267947
60	1	5	0.9883386493
61	1	5	0.9887036681
62	1	5	0.9883990884
63	1	5	0.9885690212
64	1	5	0.988240242
65	1	5	0.9883992076
66	1	5	0.987996161
67	1	5	0.9879416823
68	1	5	0.9885692
69	1	5	0.9881543517
70	1	5	0.9879148006
71	1	5	0.9882130623
72	1	5	0.9882358313
73	1	5	0.9885543585
74	1	5	0.9883691072
75	1	5	0.9887267351
76	1	5	0.9886305332
77	1	5	0.9882935286
78	1	5	0.988289535
79	1	5	0.9883204103
80	1	5	0.9880740047
81	1	5	0.9880878329
82	1	5	0.9880802035
83	1	5	0.9876748919
84	1	5	0.9881581664
85	1	5	0.9880437255
86	1	5	0.9882084131
87	1	5	0.9880799055
88	1	5	0.9881231189
89	1	5	0.9882252812
90	1	5	0.9881086946
91	1	5	0.9884249568
92	1	5	0.9886077642
93	1	5	0.9885818362
94	1	5	0.9882438779
95	1	5	0.9881411791
96	1	5	0.9875411391
97	1	5	0.9875574708
98	1	5	0.9882074594
99	1	5	0.9874147177
100	1	5	0.9876096249
101	1	5	0.9870885611
102	1	5	0.9880578518
103	1	5	0.9882589579
104	1	5	0.987578094
105	1	5	0.9877932072
106	1	5	0.9877570868
107	1	5	0.9883788228
108	1	5	0.9881882071
109	1	5	0.9884970188
110	1	5	0.988681078
111	1	5	0.98820889
112	1	5	0.9881386161
113	1	5	0.9881989956
114	1	5	0.987745285
115	1	5	0.9865815043
116	1	5	0.985919416
117	1	5	0.9862938523
118	1	5	0.9863446951
119	1	5	0.9839480519
120	1	5	0.9863989949
121	1	5	0.9846279621
122	1	5	0.9868451357
123	1	5	0.9866845012
124	1	5	0.9876845479
125	1	5	0.9881544709
126	1	5	0.9882701039
127	1	5	0.9882295132
128	1	5	0.9883981347
129	1	5	0.9887028933
132	1	5	0.9884726405
133	1	5	0.9881815314
134	1	5	0.9883486629
135	1	5	0.9884104729
136	1	5	0.9880595803
137	1	5	0.9868460298
138	1	5	0.9872455001
139	1	5	0.983993113
140	1	5	0.9845922589
141	1	5	0.9820899367
142	1	5	0.9811116457
143	1	5	0.9840352535
144	1	5	0.9837864041
145	1	5	0.9851385951
146	1	5	0.9859390259
147	1	5	0.986739099
148	1	5	0.9883291125
149	1	5	0.9873543382
150	1	5	0.9883546233
151	1	5	0.988029182
152	1	5	0.9884456396
153	1	5	0.9886001348
155	1	5	0.9886867404
156	1	5	0.9886489511
157	1	5	0.9879589677
158	1	5	0.9880313277
159	1	5	0.9881080985
160	1	5	0.9859570861
161	1	5	0.9832346439
162	1	5	0.9848000407
163	1	5	0.9817129374
164	1	5	0.9811783433
165	1	5	0.9784044027
166	1	5	0.9705201983
167	1	5	0.9817909002
168	1	5	0.9803828597
169	1	5	0.9815687537
170	1	5	0.9853901863
171	1	5	0.9848775268
172	1	5	0.9865983725
173	1	5	0.9881634712
174	1	5	0.9878616929
175	1	5	0.9881388545
176	1	5	0.9882485271
177	1	5	0.9882159233
178	1	5	0.9884490967
179	1	5	0.9888462424
180	1	5	0.9885537624
181	1	5	0.9884288907
182	1	5	0.9883301258
183	1	5	0.9883950949
184	1	5	0.987952292
185	1	5	0.9862676263
186	1	5	0.9829936028
187	1	5	0.9835419059
188	1	5	0.9823945761
189	1	5	0.974281311
190	1	5	0.9751303196
191	1	5	0.9745417833
192	1	5	0.9267787933
193	1	5	0.9747755527
194	1	5	0.9764437675
195	1	5	0.9719326496
196	1	5	0.9801610112
197	1	5	0.982739985
198	1	5	0.9826743603
199	1	5	0.9857047796
200	1	5	0.987844646
201	1	5	0.9883678555
202	1	5	0.9881840348
203	1	5	0.9883367419
204	1	5	0.9886260033
205	1	5	0.9887361526
206	1	5	0.9886677861
207	1	5	0.9886319637
208	1	5	0.9889451861
209	1	5	0.9890679717
210	1	5	0.9884400368
211	1	5	0.988489151
212	1	5	0.9886475205
213	1	5	0.9877043962
214	1	5	0.9870644212
215	1	5	0.9865838885
216	1	5	0.9835714698
217	1	5	0.9803788662
218	1	5	0.9732772708
219	1	5	0.9265238047
220	1	5	0.9295698404
221	1	5	0.9417584538
222	1	5	0.9294510484
223	1	5	0.9337315559
224	1	5	0.9355838895
225	1	5	0.9359551668
226	1	5	0.9715892076
227	1	5	0.9809794426
228	1	5	0.9841188192
229	1	5	0.9854660034
230	1	5	0.986294806
231	1	5	0.9881165028
232	1	5	0.9879825711
233	1	5	0.9883603454
234	1	5	0.988284111
235	1	5	0.9885329008
236	1	5	0.9888038635
237	1	5	0.9884687066
238	1	5	0.9887827635
239	1	5	0.9889823198
240	1	5	0.988221705
241	1	5	0.9880179167
242	1	5	0.9880394936
243	1	5	0.9877952933
244	1	5	0.9865257144
245	1	5	0.9843208194
246	1	5	0.9814943075
247	1	5	0.9741898775
248	1	5	0.9316670299
249	1	5	0.9270054102
250	1	5	0.8909623027
251	1	5	0.9073107243
252	1	5	0.9105785489
253	1	5	0.8663206697
254	1	5	0.9282112718
255	1	5	0.9558469653
256	1	5	0.970492363
257	1	5	0.9797605276
258	1	5	0.9804354906
259	1	5	0.9842900038
260	1	5	0.9868029356
261	1	5	0.9874463081
262	1	5	0.9879591465
263	1	5	0.9882308245
264	1	5	0.9881046414
265	1	5	0.9885517955
266	1	5	0.9885193706
267	1	5	0.9886977673
268	1	5	0.9887927771
269	1	5	0.9883655906
270	1	5	0.9881820679
271	1	5	0.9883396626
272	1	5	0.9875499606
273	1	5	0.9856823087
274	1	5	0.9842288494
275	1	5	0.9817947745
276	1	5	0.9736351371
277	1	5	0.9376583695
278	1	5	0.8901483417
279	1	5	0.9279298782
280	1	5	0.9190436006
281	1	5	0.9140278697
282	1	5	0.925141871
283	1	5	0.9455849528
284	1	5	0.9712055326
285	1	5	0.9784869552
286	1	5	0.9724653959
287	1	5	0.9803941846
288	1	5	0.9826180339
289	1	5	0.9864559174
290	1	5	0.9876308441
291	1	5	0.9881935716
292	1	5	0.9896281362
293	1	5	0.9884828329
294	1	5	0.9886201024
295	1	5	0.9885494113
296	1	5	0.9885027409
297	1	5	0.9885204434
298	1	5	0.9877900481
299	1	5	0.9860075116
300	1	5	0.9834415317
301	1	5	0.9778125286
302	1	5	0.9740759134
303	1	5	0.94215101
304	1	5	0.8739087582
305	1	5	0.9593168497
306	1	5	0.9416552782
307	1	5	0.9077755809
308	1	5	0.9012112021
309	1	5	0.92310673
310	1	5	0.8711827993
311	1	5	0.9440233707
312	1	5	0.9763810635
313	1	5	0.9797088504
314	1	5	0.9833171368
315	1	5	0.9863452315
316	1	5	0.9879761338
317	1	5	0.9884313941
318	1	5	0.988371253
319	1	5	0.9884225726
320	1	5	0.9882842898
321	1	5	0.9885007739
322	1	5	0.9886628985
323	1	5	0.988155961
324	1	5	0.9862245321
325	1	5	0.9829595089
326	1	5	0.9777625203
327	1	5	0.9719718099
328	1	5	0.9377887845
329	1	5	0.8671178222
330	1	5	0.8256334662
331	1	5	0.7005959749
332	1	5	0.9360195398
333	1	5	0.9748679399
334	1	5	0.9815443158
335	1	5	0.9758028388
336	1	5	0.9656959772
337	1	5	0.9338533282
338	1	5	0.9751711488
339	1	5	0.9819136262
340	1	5	0.9843840599
341	1	5	0.987701416
342	1	5	0.9881006479
343	1	5	0.9877327681
344	1	5	0.988296926
345	1	5	0.9886386991
346	1	5	0.9883421659
347	1	5	0.9884650707
348	1	5	0.9877946377
349	1	5	0.987936914
350	1	5	0.9871928692
351	1	5	0.9836951494
352	1	5	0.9806230664
353	1	5	0.9769701362
354	1	5	0.9346516132
355	1	5	0.8990420103
356	1	5	0.7607386112
357	1	5	0.6044359207
358	1	5	0.6563307643
359	1	5	0.8717739582
360	1	5	0.9427011013
361	1	5	0.9573827982
362	1	5	0.9825187325
363	1	5	0.9845701456
364	1	5	0.9795590043
365	1	5	0.9827259779
366	1	5	0.9862584472
367	1	5	0.9880634546
368	1	5	0.9878512025
369	1	5	0.9884728789
370	1	5	0.988173902
371	1	5	0.9875992537
372	1	5	0.9867297411
373	1	5	0.9841709137
374	1	5	0.9824611545
375	1	5	0.9706574678
376	1	5	0.9284372926
377	1	5	0.9193100929
378	1	5	0.7400286198
379	1	5	0.7335889935
380	1	5	0.7603263855
381	1	5	0.7639163136
382	1	5	0.7744714618
383	1	5	0.8631852269
384	1	5	0.9252832532
385	1	5	0.9715273976
386	1	5	0.9794781208
387	1	5	0.9829841256
388	1	5	0.9857369661
389	1	5	0.9880709648
390	1	5	0.9883620143
391	1	5	0.9880082607
392	1	5	0.9879242182
393	1	5	0.9830367565
394	1	5	0.9798215628
395	1	5	0.9731785655
396	1	5	0.973272562
397	1	5	0.9324398637
398	1	5	0.881195724
399	1	5	0.8685923815
400	1	5	0.864708364
401	1	5	0.8749808073
402	1	5	0.9324327111
403	1	5	0.9748064876
404	1	5	0.9741449952
405	1	5	0.9809858799
406	1	5	0.9841005802
407	1	5	0.9901770353
408	1	5	0.988219142
409	1	5	0.9878296256
410	1	5	0.9873826504
411	1	5	0.9865061641
412	1	5	0.9836469293
413	1	5	0.9799403548
414	1	5	0.9730086923
415	1	5	0.9749483466
416	1	5	0.9346280098
417	1	5	0.9341822863
418	1	5	0.932389617
419	1	5	0.9313354492
420	1	5	0.9725852013
421	1	5	0.9718934298
422	1	5	0.9792722464
423	1	5	0.9840232134
424	1	5	0.9866359234
425	1	5	0.9875984192
426	1	5	0.9876477718
427	1	5	0.9877433181
428	1	5	0.9887081981
429	1	5	0.98861444
430	1	5	0.9877329469
431	1	5	0.9870687723
432	1	5	0.9837191105
433	1	5	0.9845607877
434	1	5	0.980738461
435	1	5	0.974606514
436	1	5	0.970528543
437	1	5	0.9743705392
438	1	5	0.9723255634
439	1	5	0.9722340107
440	1	5	0.9739968777
441	1	5	0.9710258245
442	1	5	0.9806036353
443	1	5	0.9829131365
444	1	5	0.9828734398
445	1	5	0.9858919978
446	1	5	0.9882910252
447	1	5	0.9872056842
448	1	5	0.9850312471
449	1	5	0.9814752936
450	1	5	0.9809314609
451	1	5	0.9814912081
452	1	5	0.9807648063
453	1	5	0.9795948267
454	1	5	0.987704277
455	1	5	0.9870495796
456	1	5	0.984659791
457	1	5	0.9848623872
458	1	5	0.9850443602
459	1	5	0.9846618176
460	1	5	0.9872472882
461	1	5	0.9873837829
462	1	5	0.9869142771
463	1	5	0.9861785173
464	1	5	0.9862104058
465	1	5	0.9876968265
466	1	5	0.987695694
467	1	5	0.9874637127
468	1	5	0.9876751304
469	1	5	0.9878798723
470	1	5	0.988279283
471	1	5	0.9878742099
472	1	5	0.9881059527
2	1	6	0.9863020182
3	1	6	0.9865984917
4	1	6	0.9863507152
5	1	6	0.9862995148
6	1	6	0.9863051772
7	1	6	0.9863945246
9	1	6	0.9865831733
10	1	6	0.9864815474
11	1	6	0.9864848852
12	1	6	0.9863606095
13	1	6	0.9864298105
14	1	6	0.9863634706
15	1	6	0.9865319133
16	1	6	0.9860416055
17	1	6	0.9865364432
18	1	6	0.9867168069
19	1	6	0.986546874
20	1	6	0.9860265255
21	1	6	0.9861543775
22	1	6	0.9861035347
23	1	6	0.9861525297
24	1	6	0.9864019752
25	1	6	0.9864171147
26	1	6	0.9864259362
27	1	6	0.9864839911
28	1	6	0.9864040017
29	1	6	0.9864268899
30	1	6	0.9865615368
31	1	6	0.9865248799
32	1	6	0.9864297509
33	1	6	0.9859628081
34	1	6	0.9863008261
35	1	6	0.9865259528
36	1	6	0.9860547781
37	1	6	0.9861525893
38	1	6	0.9860540628
39	1	6	0.9861456752
40	1	6	0.9859062433
41	1	6	0.9864661694
42	1	6	0.986430347
43	1	6	0.986481607
44	1	6	0.9861534834
45	1	6	0.9861440063
46	1	6	0.985953331
47	1	6	0.9863023162
48	1	6	0.9861677289
49	1	6	0.9864290357
50	1	6	0.9860269427
51	1	6	0.9863802195
52	1	6	0.9863215685
53	1	6	0.9854925275
54	1	6	0.9863105416
55	1	6	0.9860674143
56	1	6	0.9860655665
57	1	6	0.9864775538
58	1	6	0.9859720469
59	1	6	0.9864874482
60	1	6	0.9860227108
61	1	6	0.9864597917
62	1	6	0.9860951304
63	1	6	0.9862985611
64	1	6	0.985904932
65	1	6	0.9860952497
66	1	6	0.9856127501
67	1	6	0.985547483
68	1	6	0.9862987995
69	1	6	0.985802114
70	1	6	0.9855153561
71	1	6	0.9858724475
72	1	6	0.9858996272
73	1	6	0.9862809777
74	1	6	0.9860591888
75	1	6	0.9864873886
76	1	6	0.9863722324
77	1	6	0.985968709
78	1	6	0.9859640002
79	1	6	0.9860008955
80	1	6	0.9857059121
81	1	6	0.9857224822
82	1	6	0.9857133031
83	1	6	0.9852281809
84	1	6	0.985806644
85	1	6	0.9856697321
86	1	6	0.9858668447
87	1	6	0.9857130051
88	1	6	0.9857646823
89	1	6	0.9858870506
90	1	6	0.9857474566
91	1	6	0.9861260653
92	1	6	0.9863449931
93	1	6	0.9863138795
94	1	6	0.9859092832
95	1	6	0.9857863188
96	1	6	0.9850680232
97	1	6	0.9850876331
98	1	6	0.9858656526
99	1	6	0.984916687
100	1	6	0.9851499796
101	1	6	0.9845263362
102	1	6	0.9856866002
103	1	6	0.9859272838
104	1	6	0.9851123095
105	1	6	0.9853698015
106	1	6	0.9853265285
107	1	6	0.9860708117
108	1	6	0.9858426452
109	1	6	0.9862123728
110	1	6	0.9864327312
111	1	6	0.9858673811
112	1	6	0.9857832193
113	1	6	0.9858555198
114	1	6	0.9853124022
115	1	6	0.9839195013
116	1	6	0.9831271768
117	1	6	0.9835752845
118	1	6	0.9836360812
119	1	6	0.9807686806
120	1	6	0.9837011099
121	1	6	0.9815820456
122	1	6	0.9842350483
123	1	6	0.9840427637
124	1	6	0.9852396846
125	1	6	0.9858022332
126	1	6	0.9859406948
127	1	6	0.9858920574
128	1	6	0.9860939384
129	1	6	0.986458838
132	1	6	0.9861831665
133	1	6	0.9858346581
134	1	6	0.9860347509
135	1	6	0.9861087203
136	1	6	0.9856886864
137	1	6	0.9842360616
138	1	6	0.98471421
139	1	6	0.9808225632
140	1	6	0.981539309
141	1	6	0.9785466194
142	1	6	0.9773769975
143	1	6	0.9808729887
144	1	6	0.9805753827
145	1	6	0.982192874
146	1	6	0.9831506014
147	1	6	0.9841080904
148	1	6	0.9860113263
149	1	6	0.9848445058
150	1	6	0.9860418439
151	1	6	0.9856523275
152	1	6	0.9861508608
153	1	6	0.986335814
155	1	6	0.9864394665
156	1	6	0.9863942862
157	1	6	0.9855681658
158	1	6	0.9856548309
159	1	6	0.9857467413
160	1	6	0.9831722379
161	1	6	0.9799154997
162	1	6	0.98178792
163	1	6	0.9780958891
164	1	6	0.9774566889
165	1	6	0.9741415381
166	1	6	0.9647293687
167	1	6	0.9781890512
168	1	6	0.976505816
169	1	6	0.9779234529
170	1	6	0.982493937
171	1	6	0.9818806052
172	1	6	0.9839396477
173	1	6	0.9858130217
174	1	6	0.9854517579
175	1	6	0.985783577
176	1	6	0.9859148264
177	1	6	0.9858757854
178	1	6	0.9861549735
179	1	6	0.9866304398
180	1	6	0.9862802625
181	1	6	0.986130774
182	1	6	0.9860125184
183	1	6	0.9860903025
184	1	6	0.9855602384
185	1	6	0.9835438728
186	1	6	0.9796271324
187	1	6	0.9802829623
188	1	6	0.9789108634
189	1	6	0.9692174792
190	1	6	0.9702311158
191	1	6	0.9695284963
192	1	6	0.9127909541
193	1	6	0.9698075056
194	1	6	0.9717994928
195	1	6	0.9664144516
196	1	6	0.9762406945
197	1	6	0.979323864
198	1	6	0.9792454243
199	1	6	0.9828704
200	1	6	0.9854313731
201	1	6	0.9860576987
202	1	6	0.9858376384
203	1	6	0.9860205054
204	1	6	0.9863667488
205	1	6	0.9864986539
206	1	6	0.9864168167
207	1	6	0.9863739014
208	1	6	0.9867489934
209	1	6	0.9868959188
210	1	6	0.9861441255
211	1	6	0.9862029552
212	1	6	0.986392498
213	1	6	0.9852634668
214	1	6	0.9844974279
215	1	6	0.9839223623
216	1	6	0.9803183079
217	1	6	0.9765011072
218	1	6	0.9680190682
219	1	6	0.912489593
220	1	6	0.916090548
221	1	6	0.9305236936
222	1	6	0.9159501791
223	1	6	0.9210144877
224	1	6	0.9232074022
225	1	6	0.9236470461
226	1	6	0.9660046101
227	1	6	0.9772189856
228	1	6	0.9809729457
229	1	6	0.9825846553
230	1	6	0.9835763574
231	1	6	0.9857568145
232	1	6	0.985596478
233	1	6	0.9860486984
234	1	6	0.9859575033
235	1	6	0.9862553477
236	1	6	0.9865797758
237	1	6	0.9861784577
238	1	6	0.9865545034
239	1	6	0.9867933393
240	1	6	0.9858827591
241	1	6	0.9856387377
242	1	6	0.9856646061
243	1	6	0.9853723049
244	1	6	0.9838526845
245	1	6	0.9812145829
246	1	6	0.9778344631
247	1	6	0.9691084027
248	1	6	0.9185712934
249	1	6	0.9130587578
250	1	6	0.8706250787
251	1	6	0.8898304105
252	1	6	0.8936777115
253	1	6	0.8418107033
254	1	6	0.9144842029
255	1	6	0.947253108
256	1	6	0.9646961689
257	1	6	0.9757620692
258	1	6	0.9765687585
259	1	6	0.9811777472
260	1	6	0.984184444
261	1	6	0.984954536
262	1	6	0.9855684638
263	1	6	0.9858936667
264	1	6	0.985742569
265	1	6	0.9862779379
266	1	6	0.9862391353
267	1	6	0.9864526987
268	1	6	0.986566484
269	1	6	0.9860550165
270	1	6	0.9858353138
271	1	6	0.9860240221
272	1	6	0.9850786328
273	1	6	0.9828435183
274	1	6	0.9811046124
275	1	6	0.9781937003
276	1	6	0.9684461355
277	1	6	0.9256644249
278	1	6	0.8696707487
279	1	6	0.9141514897
280	1	6	0.9036564231
281	1	6	0.8977415562
282	1	6	0.9108566046
283	1	6	0.9350625277
284	1	6	0.965546906
285	1	6	0.9742401838
286	1	6	0.9670500755
287	1	6	0.9765194058
288	1	6	0.9791780114
289	1	6	0.9837691784
290	1	6	0.9851754308
291	1	6	0.9858490825
292	1	6	0.9875666499
293	1	6	0.9861953855
294	1	6	0.9863597155
295	1	6	0.9862751365
296	1	6	0.9862191677
297	1	6	0.986240387
298	1	6	0.9853660464
299	1	6	0.9832326174
300	1	6	0.9801629186
301	1	6	0.9734345078
302	1	6	0.9689722657
303	1	6	0.9309891462
304	1	6	0.8506664634
305	1	6	0.9513810277
306	1	6	0.9304013252
307	1	6	0.8903775215
308	1	6	0.8826568723
309	1	6	0.90845263
310	1	6	0.8474833369
311	1	6	0.9332097769
312	1	6	0.971724689
313	1	6	0.9757002592
314	1	6	0.9800141454
315	1	6	0.9836367369
316	1	6	0.9855887294
317	1	6	0.9861337543
318	1	6	0.9860618114
319	1	6	0.9861232042
320	1	6	0.9859576821
321	1	6	0.9862168431
322	1	6	0.9864109755
323	1	6	0.9858040214
324	1	6	0.9834922552
325	1	6	0.9795864224
326	1	6	0.9733747244
327	1	6	0.9664611816
328	1	6	0.9258188605
329	1	6	0.8427402377
330	1	6	0.7945930362
331	1	6	0.6524708867
332	1	6	0.92372334
333	1	6	0.9699178338
334	1	6	0.9778942466
335	1	6	0.9710341096
336	1	6	0.9589776993
337	1	6	0.9211586118
338	1	6	0.9702798128
339	1	6	0.9783357978
340	1	6	0.9812902808
341	1	6	0.9852598906
342	1	6	0.9857378006
343	1	6	0.9852975011
344	1	6	0.9859727621
345	1	6	0.9863820076
346	1	6	0.9860269427
347	1	6	0.9861741066
348	1	6	0.9853714705
349	1	6	0.9855418205
350	1	6	0.9846511483
351	1	6	0.980466187
352	1	6	0.9767929912
353	1	6	0.9724282026
354	1	6	0.9221035838
355	1	6	0.8801080585
356	1	6	0.7202488184
357	1	6	0.5465379357
358	1	6	0.6033194065
359	1	6	0.8481734395
360	1	6	0.9316414595
361	1	6	0.9490798712
362	1	6	0.9790593386
363	1	6	0.9815128446
364	1	6	0.9755212069
365	1	6	0.9793071747
366	1	6	0.983532846
367	1	6	0.9856932759
368	1	6	0.9854392409
369	1	6	0.9861834645
370	1	6	0.9858255386
371	1	6	0.9851376414
372	1	6	0.9840968847
373	1	6	0.9810352921
374	1	6	0.9789904952
375	1	6	0.9648931026
376	1	6	0.9147514105
377	1	6	0.9039708972
378	1	6	0.6967840791
379	1	6	0.6895143986
380	1	6	0.7197805047
381	1	6	0.7238606215
382	1	6	0.7358791232
383	1	6	0.8381558657
384	1	6	0.9110236168
385	1	6	0.9659309387
386	1	6	0.9754245877
387	1	6	0.9796158671
388	1	6	0.9829088449
389	1	6	0.9857022762
390	1	6	0.986050725
391	1	6	0.985627234
392	1	6	0.9855266213
393	1	6	0.9796788096
394	1	6	0.9758349657
395	1	6	0.9679012299
396	1	6	0.9680134654
397	1	6	0.9194856882
398	1	6	0.859185338
399	1	6	0.8444602489
400	1	6	0.8399310112
401	1	6	0.8519188762
402	1	6	0.919477284
403	1	6	0.9698445201
404	1	6	0.9690548182
405	1	6	0.9772266746
406	1	6	0.9809511304
407	1	6	0.9882240295
408	1	6	0.9858796597
409	1	6	0.9854133725
410	1	6	0.9848783016
411	1	6	0.9838293195
412	1	6	0.9804085493
413	1	6	0.9759770036
414	1	6	0.9676985145
415	1	6	0.9700137973
416	1	6	0.9220756292
417	1	6	0.9215479493
418	1	6	0.919426322
419	1	6	0.9181790352
420	1	6	0.9671931267
421	1	6	0.966367662
422	1	6	0.9751785398
423	1	6	0.980858624
424	1	6	0.9839846492
425	1	6	0.9851366282
426	1	6	0.9851956964
427	1	6	0.9853100777
428	1	6	0.9864651561
429	1	6	0.9863529205
430	1	6	0.9852976799
431	1	6	0.9845026731
432	1	6	0.9804948568
433	1	6	0.9815016389
434	1	6	0.9769309163
435	1	6	0.9696056843
436	1	6	0.9647393227
437	1	6	0.9693239927
438	1	6	0.9668832421
439	1	6	0.9667739868
440	1	6	0.9688779712
441	1	6	0.9653325081
442	1	6	0.9767697453
443	1	6	0.9795309305
444	1	6	0.9794834852
445	1	6	0.9830943942
446	1	6	0.9859657288
447	1	6	0.9846665263
448	1	6	0.9820644855
449	1	6	0.9778116941
450	1	6	0.9771616459
451	1	6	0.9778307676
452	1	6	0.9769624472
453	1	6	0.9755640626
454	1	6	0.9852633476
455	1	6	0.9844796658
456	1	6	0.9816200733
457	1	6	0.9818624854
458	1	6	0.9820801616
459	1	6	0.9816225171
460	1	6	0.9847163558
461	1	6	0.9848797321
462	1	6	0.9843177795
463	1	6	0.9834372401
464	1	6	0.9834753871
465	1	6	0.9852544069
466	1	6	0.9852530956
467	1	6	0.9849753976
468	1	6	0.9852284789
469	1	6	0.9854735732
470	1	6	0.9859516621
471	1	6	0.9854667783
472	1	6	0.9857441783
2	1	7	0.9840373397
3	1	7	0.9843824506
4	1	7	0.9840939641
5	1	7	0.9840344191
6	1	7	0.9840409756
7	1	7	0.9841449857
9	1	7	0.9843646288
10	1	7	0.9842463136
11	1	7	0.9842501879
12	1	7	0.9841055274
13	1	7	0.9841861129
14	1	7	0.9841088653
15	1	7	0.9843049049
16	1	7	0.9837342501
17	1	7	0.9843102098
18	1	7	0.9845201373
19	1	7	0.9843223095
20	1	7	0.9837167263
21	1	7	0.9838654995
22	1	7	0.9838062525
23	1	7	0.9838633537
24	1	7	0.984153688
25	1	7	0.9841713309
26	1	7	0.9841815233
27	1	7	0.9842491746
28	1	7	0.9841560721
29	1	7	0.9841826558
30	1	7	0.984339416
31	1	7	0.9842967987
32	1	7	0.9841860533
33	1	7	0.9836425185
34	1	7	0.9840359092
35	1	7	0.9842979908
36	1	7	0.9837495685
37	1	7	0.9838633537
38	1	7	0.983748734
39	1	7	0.9838553667
40	1	7	0.9835766554
41	1	7	0.9842283726
42	1	7	0.9841867089
43	1	7	0.9842463732
44	1	7	0.9838644862
45	1	7	0.9838533998
46	1	7	0.9836314917
47	1	7	0.9840376377
48	1	7	0.9838809967
49	1	7	0.9841852188
50	1	7	0.9837171435
51	1	7	0.984128356
52	1	7	0.9840601087
53	1	7	0.9830951095
54	1	7	0.9840472341
55	1	7	0.9837642312
56	1	7	0.983762145
57	1	7	0.9842416644
58	1	7	0.9836532474
59	1	7	0.9842531681
60	1	7	0.983712256
61	1	7	0.9842209816
62	1	7	0.9837965369
63	1	7	0.9840332866
64	1	7	0.9835751057
65	1	7	0.9837966561
66	1	7	0.9832351208
67	1	7	0.9831591249
68	1	7	0.9840335846
69	1	7	0.9834554791
70	1	7	0.9831216931
71	1	7	0.9835373163
72	1	7	0.9835689664
73	1	7	0.9840128422
74	1	7	0.9837546945
75	1	7	0.9842531085
76	1	7	0.9841190577
77	1	7	0.9836493731
78	1	7	0.9836438894
79	1	7	0.9836868644
80	1	7	0.9833435416
81	1	7	0.9833627939
82	1	7	0.9833521247
83	1	7	0.9827874899
84	1	7	0.9834607244
85	1	7	0.9833013415
86	1	7	0.9835308194
87	1	7	0.9833517671
88	1	7	0.9834119678
89	1	7	0.9835543036
90	1	7	0.9833918214
91	1	7	0.9838325381
92	1	7	0.984087348
93	1	7	0.984051168
94	1	7	0.9835802317
95	1	7	0.9834371209
96	1	7	0.9826011658
97	1	7	0.9826239347
98	1	7	0.9835294485
99	1	7	0.982425034
100	1	7	0.9826965332
101	1	7	0.981970787
102	1	7	0.9833210111
103	1	7	0.9836012125
104	1	7	0.9826526642
105	1	7	0.9829523563
106	1	7	0.9829019308
107	1	7	0.9837682247
108	1	7	0.983502686
109	1	7	0.983932972
110	1	7	0.9841895103
111	1	7	0.9835314155
112	1	7	0.9834335446
113	1	7	0.9835176468
114	1	7	0.9828855395
115	1	7	0.9812646508
116	1	7	0.9803428054
117	1	7	0.9808641672
118	1	7	0.9809349179
119	1	7	0.9775996208
120	1	7	0.9810105562
121	1	7	0.9785454869
122	1	7	0.9816318154
123	1	7	0.9814080596
124	1	7	0.9828009009
125	1	7	0.9834555984
126	1	7	0.9836167693
127	1	7	0.9835601449
128	1	7	0.983795166
129	1	7	0.9842198491
132	1	7	0.9838989973
133	1	7	0.9834933877
134	1	7	0.9837262034
135	1	7	0.9838123322
136	1	7	0.9833234549
137	1	7	0.9816330075
138	1	7	0.9821894169
139	1	7	0.9776622653
140	1	7	0.9784958363
141	1	7	0.9750160575
142	1	7	0.9736565351
143	1	7	0.9777209163
144	1	7	0.9773748517
145	1	7	0.9792560339
146	1	7	0.9803701043
147	1	7	0.9814840555
148	1	7	0.9836989641
149	1	7	0.9823409915
150	1	7	0.9837344885
151	1	7	0.9832811356
152	1	7	0.9838613868
153	1	7	0.9840766788
155	1	7	0.9841973782
156	1	7	0.9841447473
157	1	7	0.9831832051
158	1	7	0.9832840562
159	1	7	0.9833909869
160	1	7	0.9803953171
161	1	7	0.9766075015
162	1	7	0.9787849784
163	1	7	0.9744921327
164	1	7	0.9737492204
165	1	7	0.9698972702
166	1	7	0.9589730501
167	1	7	0.9746004343
168	1	7	0.9726441503
169	1	7	0.9742917418
170	1	7	0.9796062112
171	1	7	0.9788928032
172	1	7	0.9812881351
173	1	7	0.9834681749
174	1	7	0.9830477238
175	1	7	0.9834339023
176	1	7	0.983586669
177	1	7	0.9835412502
178	1	7	0.9838661551
179	1	7	0.9844196439
180	1	7	0.9840120077
181	1	7	0.9838380218
182	1	7	0.983700335
183	1	7	0.9837908745
184	1	7	0.9831739664
185	1	7	0.9808276296
186	1	7	0.976272285
187	1	7	0.9770348072
188	1	7	0.9754394889
189	1	7	0.9641799927
190	1	7	0.9653564692
191	1	7	0.9645409584
192	1	7	0.8990141749
193	1	7	0.9648647904
194	1	7	0.9671773911
195	1	7	0.9609276056
196	1	7	0.9723360538
197	1	7	0.9759196639
198	1	7	0.9758284688
199	1	7	0.9800441265
200	1	7	0.9830240011
201	1	7	0.9837529659
202	1	7	0.9834967852
203	1	7	0.9837096334
204	1	7	0.9841127396
205	1	7	0.9842661619
206	1	7	0.9841709733
207	1	7	0.984120965
208	1	7	0.984557569
209	1	7	0.9847286344
210	1	7	0.983853519
211	1	7	0.9839220047
212	1	7	0.9841426611
213	1	7	0.9828285575
214	1	7	0.98193717
215	1	7	0.9812679887
216	1	7	0.9770758748
217	1	7	0.9726386666
218	1	7	0.9627892375
219	1	7	0.898667872
220	1	7	0.9028067589
221	1	7	0.9194229841
222	1	7	0.9026453495
223	1	7	0.908470571
224	1	7	0.9109946489
225	1	7	0.9115008116
226	1	7	0.9604521394
227	1	7	0.9734728932
228	1	7	0.9778371453
229	1	7	0.979711771
230	1	7	0.9808654785
231	1	7	0.983402729
232	1	7	0.9832161069
233	1	7	0.9837424755
234	1	7	0.9836363196
235	1	7	0.9839829803
236	1	7	0.9843606353
237	1	7	0.9838935137
238	1	7	0.9843311906
239	1	7	0.9846093059
240	1	7	0.9835492969
241	1	7	0.9832653403
242	1	7	0.9832953811
243	1	7	0.982955277
244	1	7	0.981186986
245	1	7	0.9781181812
246	1	7	0.9741882086
247	1	7	0.9640533328
248	1	7	0.905659616
249	1	7	0.8993219733
250	1	7	0.8507521152
251	1	7	0.8726868629
252	1	7	0.8770905137
253	1	7	0.8179941177
254	1	7	0.9009601474
255	1	7	0.938736558
256	1	7	0.9589346051
257	1	7	0.9717799425
258	1	7	0.9727172256
259	1	7	0.9780753255
260	1	7	0.9815729856
261	1	7	0.9824690819
262	1	7	0.9831835032
263	1	7	0.9835619926
264	1	7	0.9833861589
265	1	7	0.9840093255
266	1	7	0.9839640856
267	1	7	0.9842127562
268	1	7	0.9843451381
269	1	7	0.9837498069
270	1	7	0.983494103
271	1	7	0.9837137461
272	1	7	0.9826134443
273	1	7	0.9800128341
274	1	7	0.9779902697
275	1	7	0.9746058583
276	1	7	0.9632848501
277	1	7	0.913823843
278	1	7	0.8496642113
279	1	7	0.900577724
280	1	7	0.8885269165
281	1	7	0.8817454576
282	1	7	0.896791935
283	1	7	0.9246572256
284	1	7	0.9599212408
285	1	7	0.9700118303
286	1	7	0.9616649747
287	1	7	0.9726598859
288	1	7	0.9757500887
289	1	7	0.9810897708
290	1	7	0.9827261567
291	1	7	0.9835101366
292	1	7	0.9855095148
293	1	7	0.9839131832
294	1	7	0.9841045141
295	1	7	0.9840059876
296	1	7	0.9839408994
297	1	7	0.9839655757
298	1	7	0.9829479456
299	1	7	0.9804654717
300	1	7	0.9768952131
301	1	7	0.9690760374
302	1	7	0.9638954401
303	1	7	0.9199595451
304	1	7	0.8280423284
305	1	7	0.9435108304
306	1	7	0.9192818999
307	1	7	0.8733128905
308	1	7	0.864484489
309	1	7	0.8940312266
310	1	7	0.8244285583
311	1	7	0.9225201011
312	1	7	0.9670904279
313	1	7	0.9717081189
314	1	7	0.9767222404
315	1	7	0.9809356332
316	1	7	0.9832071662
317	1	7	0.9838414788
318	1	7	0.9837577343
319	1	7	0.9838292003
320	1	7	0.9836364985
321	1	7	0.9839382172
322	1	7	0.9841641188
323	1	7	0.9834576845
324	1	7	0.9807676077
325	1	7	0.9762248993
326	1	7	0.969006598
327	1	7	0.9609817863
328	1	7	0.9140017629
329	1	7	0.8190479875
330	1	7	0.7647196054
331	1	7	0.6076516509
332	1	7	0.9115886092
333	1	7	0.9649928212
334	1	7	0.9742577672
335	1	7	0.9662886858
336	1	7	0.9523061514
337	1	7	0.9086364508
338	1	7	0.965413034
339	1	7	0.9747710228
340	1	7	0.9782061577
341	1	7	0.9828244448
342	1	7	0.9833806753
343	1	7	0.982868135
344	1	7	0.9836541414
345	1	7	0.9841304421
346	1	7	0.9837171435
347	1	7	0.9838884473
348	1	7	0.9829542637
349	1	7	0.9831525087
350	1	7	0.9821160436
351	1	7	0.9772478342
352	1	7	0.9729778767
353	1	7	0.9679073691
354	1	7	0.9097239971
355	1	7	0.8615728021
356	1	7	0.6819140315
357	1	7	0.4941859245
358	1	7	0.554589808
359	1	7	0.8252118826
360	1	7	0.9207115769
361	1	7	0.940848887
362	1	7	0.9756121039
363	1	7	0.9784650803
364	1	7	0.9715000987
365	1	7	0.9759002328
366	1	7	0.9808148146
367	1	7	0.9833288193
368	1	7	0.9830331206
369	1	7	0.9838992953
370	1	7	0.9834827185
371	1	7	0.9826821685
372	1	7	0.9814710617
373	1	7	0.9779096246
374	1	7	0.9755320549
375	1	7	0.9591630101
376	1	7	0.9012672305
377	1	7	0.8888875842
378	1	7	0.6560665965
379	1	7	0.6480879188
380	1	7	0.6813967824
381	1	7	0.6859052181
382	1	7	0.6992098689
383	1	7	0.8138523102
384	1	7	0.8969837427
385	1	7	0.9603666663
386	1	7	0.9713878036
387	1	7	0.976259172
388	1	7	0.9800888896
389	1	7	0.9833392501
390	1	7	0.9837448001
391	1	7	0.9832519293
392	1	7	0.9831348658
393	1	7	0.9763323069
394	1	7	0.9718646407
395	1	7	0.9626525044
396	1	7	0.9627827406
397	1	7	0.9067115784
398	1	7	0.8377247453
399	1	7	0.8209986091
400	1	7	0.8158635497
401	1	7	0.8294647336
402	1	7	0.9067018628
403	1	7	0.9649077654
404	1	7	0.9639911652
405	1	7	0.9734818339
406	1	7	0.9778118134
407	1	7	0.9862748981
408	1	7	0.9835457802
409	1	7	0.9830030799
410	1	7	0.9823803902
411	1	7	0.9811597466
412	1	7	0.9771808386
413	1	7	0.9720296264
414	1	7	0.9624173045
415	1	7	0.9651042819
416	1	7	0.9096918106
417	1	7	0.9090845585
418	1	7	0.9066432118
419	1	7	0.9052084088
420	1	7	0.961830914
421	1	7	0.9608732462
422	1	7	0.9711019397
423	1	7	0.9777041674
424	1	7	0.9813404679
425	1	7	0.9826809764
426	1	7	0.9827497005
427	1	7	0.9828828573
428	1	7	0.9842272401
429	1	7	0.9840965867
430	1	7	0.9828683734
431	1	7	0.9819431901
432	1	7	0.9772812128
433	1	7	0.9784520268
434	1	7	0.9731380939
435	1	7	0.9646306038
436	1	7	0.9589846134
437	1	7	0.9643036127
438	1	7	0.9614713788
439	1	7	0.9613446593
440	1	7	0.9637859464
441	1	7	0.9596725702
442	1	7	0.9729508162
443	1	7	0.9761604071
444	1	7	0.9761052132
445	1	7	0.980304718
446	1	7	0.983645916
447	1	7	0.9821338654
448	1	7	0.9791066647
449	1	7	0.9741618037
450	1	7	0.9734062552
451	1	7	0.9741839767
452	1	7	0.9731747508
453	1	7	0.9715498686
454	1	7	0.9828284383
455	1	7	0.9819164872
456	1	7	0.9785897732
457	1	7	0.9788717031
458	1	7	0.9791249037
459	1	7	0.9785926342
460	1	7	0.9821918607
461	1	7	0.9823819995
462	1	7	0.9817280769
463	1	7	0.9807035923
464	1	7	0.9807479382
465	1	7	0.9828180075
466	1	7	0.9828164577
467	1	7	0.982493341
468	1	7	0.9827878475
469	1	7	0.9830730557
470	1	7	0.9836295247
471	1	7	0.9830651879
472	1	7	0.9833880663
2	1	8	0.9817778468
3	1	8	0.9821713567
4	1	8	0.9818424582
5	1	8	0.981774509
6	1	8	0.9817820191
7	1	8	0.9819005728
9	1	8	0.9821510315
10	1	8	0.9820161462
11	1	8	0.9820205569
12	1	8	0.9818555713
13	1	8	0.9819474816
14	1	8	0.9818594456
15	1	8	0.982082963
16	1	8	0.9814322591
17	1	8	0.9820889831
18	1	8	0.9823284149
19	1	8	0.9821028113
20	1	8	0.9814122319
21	1	8	0.9815819263
22	1	8	0.9815143943
23	1	8	0.9815794826
24	1	8	0.9819104671
25	1	8	0.9819306135
26	1	8	0.981942296
27	1	8	0.9820193648
28	1	8	0.981913209
29	1	8	0.9819435477
30	1	8	0.9821223021
31	1	8	0.9820736647
32	1	8	0.981947422
33	1	8	0.9813277125
34	1	8	0.9817762375
35	1	8	0.9820750952
36	1	8	0.9814497232
37	1	8	0.9815794826
38	1	8	0.9814488292
39	1	8	0.981570363
40	1	8	0.9812526107
41	1	8	0.9819957018
42	1	8	0.9819481373
43	1	8	0.9820162058
44	1	8	0.9815807343
45	1	8	0.9815680981
46	1	8	0.9813150764
47	1	8	0.9817782044
48	1	8	0.9815995693
49	1	8	0.9819464684
50	1	8	0.9814127684
51	1	8	0.9818816185
52	1	8	0.9818038344
53	1	8	0.9807035923
54	1	8	0.9817891717
55	1	8	0.9814664721
56	1	8	0.9814640284
57	1	8	0.9820108414
58	1	8	0.9813399315
59	1	8	0.9820239544
60	1	8	0.9814071655
61	1	8	0.9819872379
62	1	8	0.9815032482
63	1	8	0.9817732573
64	1	8	0.9812508225
65	1	8	0.981503427
66	1	8	0.9808631539
67	1	8	0.9807765484
68	1	8	0.9817735553
69	1	8	0.9811144471
70	1	8	0.9807338715
71	1	8	0.9812077284
72	1	8	0.9812438488
73	1	8	0.9817499518
74	1	8	0.9814556241
75	1	8	0.9820238948
76	1	8	0.9818710089
77	1	8	0.9813355207
78	1	8	0.9813292027
79	1	8	0.9813781977
80	1	8	0.980986774
81	1	8	0.9810087681
82	1	8	0.9809966087
83	1	8	0.9803528786
84	1	8	0.9811204076
85	1	8	0.9809387326
86	1	8	0.9812003374
87	1	8	0.9809961915
88	1	8	0.9810647964
89	1	8	0.9812270999
90	1	8	0.9810418487
91	1	8	0.9815443754
92	1	8	0.9818348885
93	1	8	0.9817935824
94	1	8	0.9812566638
95	1	8	0.9810935259
96	1	8	0.9801404476
97	1	8	0.9801664352
98	1	8	0.9811987877
99	1	8	0.9799396992
100	1	8	0.9802491665
101	1	8	0.979421854
102	1	8	0.980961144
103	1	8	0.9812805653
104	1	8	0.9801991582
105	1	8	0.980540812
106	1	8	0.9804833531
107	1	8	0.9814710021
108	1	8	0.9811682105
109	1	8	0.9816588163
110	1	8	0.9819513559
111	1	8	0.9812010527
112	1	8	0.9810894132
113	1	8	0.981185317
114	1	8	0.9804646373
115	1	8	0.9786170125
116	1	8	0.9775663614
117	1	8	0.9781605005
118	1	8	0.9782411456
119	1	8	0.9744408131
120	1	8	0.9783273935
121	1	8	0.9755184054
122	1	8	0.9790354371
123	1	8	0.9787804484
124	1	8	0.980368197
125	1	8	0.9811145663
126	1	8	0.9812983274
127	1	8	0.9812337756
128	1	8	0.9815016985
129	1	8	0.9819859862
132	1	8	0.9816201329
133	1	8	0.9811576009
134	1	8	0.9814231396
135	1	8	0.9815213084
136	1	8	0.9809638858
137	1	8	0.9790368676
138	1	8	0.979671061
139	1	8	0.9745121598
140	1	8	0.975461781
141	1	8	0.971498251
142	1	8	0.9699502587
143	1	8	0.9745789766
144	1	8	0.9741846919
145	1	8	0.9763279557
146	1	8	0.9775974751
147	1	8	0.9788671136
148	1	8	0.9813920259
149	1	8	0.9798438549
150	1	8	0.9814325571
151	1	8	0.980915606
152	1	8	0.9815772176
153	1	8	0.9818227291
155	1	8	0.9819602966
156	1	8	0.9819002748
157	1	8	0.9808040261
158	1	8	0.9809190035
159	1	8	0.981040895
160	1	8	0.9776261449
161	1	8	0.973310709
162	1	8	0.9757912159
163	1	8	0.9709016681
164	1	8	0.9700558186
165	1	8	0.9656715393
166	1	8	0.9532511234
167	1	8	0.9710249901
168	1	8	0.9687977433
169	1	8	0.9706734419
170	1	8	0.9767269492
171	1	8	0.9759140611
172	1	8	0.9786437154
173	1	8	0.9811288714
174	1	8	0.9806495309
175	1	8	0.9810897708
176	1	8	0.9812639952
177	1	8	0.9812121987
178	1	8	0.9815826416
179	1	8	0.9822137952
180	1	8	0.9817489982
181	1	8	0.9815505743
182	1	8	0.9813936353
183	1	8	0.9814968705
184	1	8	0.9807934761
185	1	8	0.9781188965
186	1	8	0.9729288816
187	1	8	0.9737973809
188	1	8	0.9719804525
189	1	8	0.9591686726
190	1	8	0.9605063796
191	1	8	0.9595790505
192	1	8	0.8854453564
193	1	8	0.959947288
194	1	8	0.9625772238
195	1	8	0.9554718733
196	1	8	0.9684470296
197	1	8	0.9725272655
198	1	8	0.9724234343
199	1	8	0.9772259593
200	1	8	0.9806224704
201	1	8	0.9814535975
202	1	8	0.9811615348
203	1	8	0.9814042449
204	1	8	0.9818637967
205	1	8	0.9820387959
206	1	8	0.9819302559
207	1	8	0.9818732142
208	1	8	0.9823710918
209	1	8	0.9825661778
210	1	8	0.9815682769
211	1	8	0.981646359
212	1	8	0.9818979502
213	1	8	0.9803996682
214	1	8	0.9793835282
215	1	8	0.9786207676
216	1	8	0.9738441706
217	1	8	0.9687914848
218	1	8	0.9575876594
219	1	8	0.8850556016
220	1	8	0.8897156119
221	1	8	0.9084546566
222	1	8	0.8895338178
223	1	8	0.8960975409
224	1	8	0.8989434242
225	1	8	0.8995142579
226	1	8	0.9549316168
227	1	8	0.9697412252
228	1	8	0.9747113585
229	1	8	0.9768472314
230	1	8	0.9781619906
231	1	8	0.981054306
232	1	8	0.9808415174
233	1	8	0.981441617
234	1	8	0.9813206196
235	1	8	0.981715858
236	1	8	0.9821465015
237	1	8	0.9816138744
238	1	8	0.9821129441
239	1	8	0.9824300408
240	1	8	0.9812213778
241	1	8	0.980897665
242	1	8	0.9809319377
243	1	8	0.9805441499
244	1	8	0.97852844
245	1	8	0.9750315547
246	1	8	0.9705556631
247	1	8	0.9590247273
248	1	8	0.8929294944
249	1	8	0.8857917786
250	1	8	0.8313328028
251	1	8	0.8558736444
252	1	8	0.8608111739
253	1	8	0.7948513031
254	1	8	0.8876361251
255	1	8	0.9302965403
256	1	8	0.9532074332
257	1	8	0.9678140283
258	1	8	0.9688809514
259	1	8	0.9749827385
260	1	8	0.9789683819
261	1	8	0.9799898863
262	1	8	0.9808043838
263	1	8	0.9812358618
264	1	8	0.9810354114
265	1	8	0.9817458987
266	1	8	0.9816943407
267	1	8	0.98197788
268	1	8	0.9821288586
269	1	8	0.9814500213
270	1	8	0.9811584353
271	1	8	0.9814088941
272	1	8	0.9801544547
273	1	8	0.9771903157
274	1	8	0.9748858213
275	1	8	0.9710311294
276	1	8	0.9581510425
277	1	8	0.9021347761
278	1	8	0.8301179409
279	1	8	0.8872055411
280	1	8	0.8736506701
281	1	8	0.8660343289
282	1	8	0.8829444051
283	1	8	0.9143676758
284	1	8	0.9543283582
285	1	8	0.9658018947
286	1	8	0.956309855
287	1	8	0.9688156843
288	1	8	0.9723341465
289	1	8	0.9784176946
290	1	8	0.9802829623
291	1	8	0.9811767936
292	1	8	0.9834566712
293	1	8	0.9816362858
294	1	8	0.9818544388
295	1	8	0.9817421436
296	1	8	0.9816679358
297	1	8	0.9816960096
298	1	8	0.9805358052
299	1	8	0.9777061939
300	1	8	0.9736383557
301	1	8	0.9647370577
302	1	8	0.9588451385
303	1	8	0.9090605974
304	1	8	0.8060198426
305	1	8	0.935705781
306	1	8	0.9082953334
307	1	8	0.8565753698
308	1	8	0.8466863036
309	1	8	0.8798387051
310	1	8	0.8020009398
311	1	8	0.9119528532
312	1	8	0.9624783397
313	1	8	0.9677323103
314	1	8	0.9734413624
315	1	8	0.9782420397
316	1	8	0.9808312654
317	1	8	0.9815545082
318	1	8	0.9814590216
319	1	8	0.9815405011
320	1	8	0.981320858
321	1	8	0.9816648364
322	1	8	0.9819224477
323	1	8	0.9811169505
324	1	8	0.9780504704
325	1	8	0.9728749394
326	1	8	0.9646580815
327	1	8	0.9555334449
328	1	8	0.902335465
329	1	8	0.7960218191
330	1	8	0.7359692454
331	1	8	0.5659111142
332	1	8	0.8996133208
333	1	8	0.9600929022
334	1	8	0.9706347585
335	1	8	0.9615664482
336	1	8	0.9456810355
337	1	8	0.8962845206
338	1	8	0.960570693
339	1	8	0.971219182
340	1	8	0.9751318097
341	1	8	0.9803949594
342	1	8	0.9810290933
343	1	8	0.9804448485
344	1	8	0.9813409448
345	1	8	0.9818840027
346	1	8	0.9814127684
347	1	8	0.9816080928
348	1	8	0.9805430174
349	1	8	0.9807689786
350	1	8	0.9795874357
351	1	8	0.974040091
352	1	8	0.9691776037
353	1	8	0.9634075761
354	1	8	0.8975106478
355	1	8	0.8434279561
356	1	8	0.6456196308
357	1	8	0.4468486309
358	1	8	0.5097959638
359	1	8	0.8028718829
360	1	8	0.9099099636
361	1	8	0.9326893091
362	1	8	0.9721770287
363	1	8	0.9754267335
364	1	8	0.967495501
365	1	8	0.9725051522
366	1	8	0.9781042933
367	1	8	0.9809700251
368	1	8	0.9806329012
369	1	8	0.9816204906
370	1	8	0.9811455011
371	1	8	0.9802327752
372	1	8	0.978852272
373	1	8	0.9747939706
374	1	8	0.9720858335
375	1	8	0.9534668922
376	1	8	0.8879818916
377	1	8	0.8740559816
378	1	8	0.6177284718
379	1	8	0.6091502905
380	1	8	0.6450599432
381	1	8	0.6499400139
382	1	8	0.6643679142
383	1	8	0.7902534604
384	1	8	0.8831602335
385	1	8	0.9548344612
386	1	8	0.9673677087
387	1	8	0.9729139209
388	1	8	0.9772769809
389	1	8	0.980981946
390	1	8	0.9814442992
391	1	8	0.9808823466
392	1	8	0.9807488918
393	1	8	0.9729972482
394	1	8	0.967910409
395	1	8	0.9574322701
396	1	8	0.9575802684
397	1	8	0.894114852
398	1	8	0.8168001771
399	1	8	0.798188746
400	1	8	0.7924857736
401	1	8	0.8076024652
402	1	8	0.8941038847
403	1	8	0.9599961042
404	1	8	0.9589540362
405	1	8	0.9697514176
406	1	8	0.9746825099
407	1	8	0.9843296409
408	1	8	0.9812173843
409	1	8	0.9805986285
410	1	8	0.9798887372
411	1	8	0.978497386
412	1	8	0.9739637375
413	1	8	0.9680982828
414	1	8	0.9571648836
415	1	8	0.9602195621
416	1	8	0.8974743485
417	1	8	0.89678967
418	1	8	0.8940378428
419	1	8	0.8924210668
420	1	8	0.9564983845
421	1	8	0.9554101229
422	1	8	0.9670423865
423	1	8	0.9745599031
424	1	8	0.9787033796
425	1	8	0.9802314639
426	1	8	0.9803097844
427	1	8	0.9804615378
428	1	8	0.9819943905
429	1	8	0.9818453789
430	1	8	0.980445087
431	1	8	0.9793904424
432	1	8	0.9740780592
433	1	8	0.9754118919
434	1	8	0.9693600535
435	1	8	0.9596809745
436	1	8	0.9532642365
437	1	8	0.9593092203
438	1	8	0.9560898542
439	1	8	0.9559458494
440	1	8	0.9587207437
441	1	8	0.9540458322
442	1	8	0.9691468477
443	1	8	0.9728014469
444	1	8	0.9727386236
445	1	8	0.9775229692
446	1	8	0.9813315272
447	1	8	0.9796077609
448	1	8	0.9761577249
449	1	8	0.9705255628
450	1	8	0.9696653485
451	1	8	0.9705508351
452	1	8	0.9694017768
453	1	8	0.9675521255
454	1	8	0.980399549
455	1	8	0.9793599248
456	1	8	0.975568831
457	1	8	0.9758900404
458	1	8	0.9761785269
459	1	8	0.9755720496
460	1	8	0.9796738625
461	1	8	0.9798905849
462	1	8	0.9791452289
463	1	8	0.9779775143
464	1	8	0.978028059
465	1	8	0.9803876877
466	1	8	0.9803858995
467	1	8	0.9800174832
468	1	8	0.9803532362
469	1	8	0.9806784391
470	1	8	0.981312871
471	1	8	0.9806694388
472	1	8	0.9810375571
2	1	9	0.9795235395
3	1	9	0.97996521
4	1	9	0.9795960784
5	1	9	0.9795197845
6	1	9	0.9795282483
7	1	9	0.9796613455
9	1	9	0.979942441
10	1	9	0.9797910452
11	1	9	0.9797959328
12	1	9	0.9796108007
13	1	9	0.9797139168
14	1	9	0.9796151519
15	1	9	0.9798660278
16	1	9	0.9791356921
17	1	9	0.9798728228
18	1	9	0.9801415205
19	1	9	0.97988832
20	1	9	0.9791132212
21	1	9	0.9793035984
22	1	9	0.9792278409
23	1	9	0.9793008566
24	1	9	0.9796724319
25	1	9	0.9796950817
26	1	9	0.9797081351
27	1	9	0.9797946215
28	1	9	0.9796755314
29	1	9	0.9797095656
30	1	9	0.9799101949
31	1	9	0.979855597
32	1	9	0.9797138572
33	1	9	0.9790183306
34	1	9	0.9795217514
35	1	9	0.9798572063
36	1	9	0.979155302
37	1	9	0.9793009162
38	1	9	0.9791542292
39	1	9	0.9792906642
40	1	9	0.97893399
41	1	9	0.9797680974
42	1	9	0.9797146916
43	1	9	0.9797911048
44	1	9	0.9793022871
45	1	9	0.9792881608
46	1	9	0.9790041447
47	1	9	0.9795239568
48	1	9	0.9793234468
49	1	9	0.9797128439
50	1	9	0.9791138172
51	1	9	0.979640007
52	1	9	0.9795526862
53	1	9	0.9783178568
54	1	9	0.9795362353
55	1	9	0.9791740775
56	1	9	0.9791713357
57	1	9	0.9797850847
58	1	9	0.9790320396
59	1	9	0.9797998071
60	1	9	0.9791074991
61	1	9	0.9797585607
62	1	9	0.9792153835
63	1	9	0.9795183539
64	1	9	0.9789320827
65	1	9	0.9792155623
66	1	9	0.9784969687
67	1	9	0.9783997536
68	1	9	0.9795187116
69	1	9	0.9787789583
70	1	9	0.9783518314
71	1	9	0.9788836241
72	1	9	0.9789242148
73	1	9	0.9794921875
74	1	9	0.9791618586
75	1	9	0.9797997475
76	1	9	0.9796281457
77	1	9	0.9790270925
78	1	9	0.9790199995
79	1	9	0.9790750146
80	1	9	0.9786356688
81	1	9	0.9786603451
82	1	9	0.9786466956
83	1	9	0.9779242873
84	1	9	0.9787856936
85	1	9	0.9785817266
86	1	9	0.978875339
87	1	9	0.9786462784
88	1	9	0.978723228
89	1	9	0.9789053798
90	1	9	0.9786975384
91	1	9	0.9792614579
92	1	9	0.9795875549
93	1	9	0.9795412421
94	1	9	0.9789385796
95	1	9	0.9787554741
96	1	9	0.9776858687
97	1	9	0.9777150154
98	1	9	0.9788736105
99	1	9	0.9774606228
100	1	9	0.9778078794
101	1	9	0.9768795371
102	1	9	0.9786068797
103	1	9	0.9789654016
104	1	9	0.9777517915
105	1	9	0.9781351686
106	1	9	0.9780707359
107	1	9	0.9791791439
108	1	9	0.9788393378
109	1	9	0.9793899655
110	1	9	0.9797183275
111	1	9	0.9788761139
112	1	9	0.9787508249
113	1	9	0.9788585305
114	1	9	0.9780496955
115	1	9	0.9759764671
116	1	9	0.9747977853
117	1	9	0.975464344
118	1	9	0.9755548239
119	1	9	0.9712921977
120	1	9	0.9756515026
121	1	9	0.9725006223
122	1	9	0.9764459729
123	1	9	0.9761598706
124	1	9	0.9779414535
125	1	9	0.9787790775
126	1	9	0.9789853096
127	1	9	0.97891289
128	1	9	0.9792135954
129	1	9	0.9797571898
132	1	9	0.9793465137
133	1	9	0.9788274169
134	1	9	0.9791253805
135	1	9	0.9792355895
136	1	9	0.9786099792
137	1	9	0.9764475822
138	1	9	0.9771591425
139	1	9	0.9713722467
140	1	9	0.9724371433
141	1	9	0.9679931402
142	1	9	0.9662581086
143	1	9	0.9714471102
144	1	9	0.9710050225
145	1	9	0.9734086394
146	1	9	0.974832654
147	1	9	0.9762570858
148	1	9	0.9790905118
149	1	9	0.977353096
150	1	9	0.9791359901
151	1	9	0.9785558581
152	1	9	0.9792984128
153	1	9	0.9795739055
155	1	9	0.9797283411
156	1	9	0.9796609879
157	1	9	0.9784305692
158	1	9	0.9785596132
159	1	9	0.9786964655
160	1	9	0.9748649001
161	1	9	0.970025003
162	1	9	0.9728065729
163	1	9	0.9673244357
164	1	9	0.9663763642
165	1	9	0.9614641666
166	1	9	0.9475632906
167	1	9	0.9674626589
168	1	9	0.9649665356
169	1	9	0.9670686722
170	1	9	0.9738561511
171	1	9	0.9729443789
172	1	9	0.9760064483
173	1	9	0.9787951708
174	1	9	0.9782572389
175	1	9	0.9787513018
176	1	9	0.978946805
177	1	9	0.9788886905
178	1	9	0.9793044925
179	1	9	0.9800128937
180	1	9	0.9794911742
181	1	9	0.9792684317
182	1	9	0.9790922999
183	1	9	0.9792081714
184	1	9	0.9784187675
185	1	9	0.975417614
186	1	9	0.9695969224
187	1	9	0.9705706835
188	1	9	0.9685336351
189	1	9	0.9541833997
190	1	9	0.9556806087
191	1	9	0.9546427131
192	1	9	0.8720813394
193	1	9	0.9550548792
194	1	9	0.9579989314
195	1	9	0.9500470757
196	1	9	0.9645735621
197	1	9	0.9691466689
198	1	9	0.969030261
199	1	9	0.9744158983
200	1	9	0.9782268405
201	1	9	0.9791596532
202	1	9	0.9788318276
203	1	9	0.9791042209
204	1	9	0.9796200395
205	1	9	0.9798164368
206	1	9	0.9796946049
207	1	9	0.9796306491
208	1	9	0.9801894426
209	1	9	0.9804084301
210	1	9	0.9792883396
211	1	9	0.9793759584
212	1	9	0.9796583652
213	1	9	0.977976799
214	1	9	0.9768365026
215	1	9	0.9759806991
216	1	9	0.9706231952
217	1	9	0.9649595022
218	1	9	0.9524142146
219	1	9	0.8716494441
220	1	9	0.8768143058
221	1	9	0.8976172209
222	1	9	0.8766127229
223	1	9	0.8838929534
224	1	9	0.8870516419
225	1	9	0.8876853585
226	1	9	0.9494428039
227	1	9	0.9660238028
228	1	9	0.9715955853
229	1	9	0.973991096
230	1	9	0.975466013
231	1	9	0.9787114859
232	1	9	0.9784727097
233	1	9	0.9791461825
234	1	9	0.9790103436
235	1	9	0.9794539809
236	1	9	0.979937315
237	1	9	0.9793394804
238	1	9	0.9798996449
239	1	9	0.9802556038
240	1	9	0.9788990021
241	1	9	0.9785356522
242	1	9	0.9785740972
243	1	9	0.9781389236
244	1	9	0.9758771062
245	1	9	0.9719546437
246	1	9	0.9669365883
247	1	9	0.9540222883
248	1	9	0.8803782463
249	1	9	0.8724651933
250	1	9	0.8123567104
251	1	9	0.8393843174
252	1	9	0.8448339701
253	1	9	0.7723633051
254	1	9	0.8745090961
255	1	9	0.9219323993
256	1	9	0.9475144744
257	1	9	0.9638643265
258	1	9	0.9650598168
259	1	9	0.9718999267
260	1	9	0.9763707519
261	1	9	0.9775169492
262	1	9	0.9784309864
263	1	9	0.9789152741
264	1	9	0.9786902666
265	1	9	0.9794877172
266	1	9	0.979429841
267	1	9	0.9797480702
268	1	9	0.9799175262
269	1	9	0.9791556001
270	1	9	0.9788283706
271	1	9	0.9791094065
272	1	9	0.977701664
273	1	9	0.9743759632
274	1	9	0.9717912674
275	1	9	0.967469573
276	1	9	0.9530445933
277	1	9	0.8905951977
278	1	9	0.811021328
279	1	9	0.8740318418
280	1	9	0.8590234518
281	1	9	0.8506032228
282	1	9	0.8693106771
283	1	9	0.9041926861
284	1	9	0.9487680197
285	1	9	0.961610198
286	1	9	0.9509845376
287	1	9	0.9649866223
288	1	9	0.9689301848
289	1	9	0.9757528305
290	1	9	0.977845788
291	1	9	0.9788489342
292	1	9	0.9814081192
293	1	9	0.9793646932
294	1	9	0.9796094894
295	1	9	0.9794834852
296	1	9	0.9794001579
297	1	9	0.9794317484
298	1	9	0.9781295657
299	1	9	0.9749546051
300	1	9	0.970392406
301	1	9	0.9604175687
302	1	9	0.9538213611
303	1	9	0.8982907534
304	1	9	0.7845830917
305	1	9	0.9279652834
306	1	9	0.8974401355
307	1	9	0.8401585817
308	1	9	0.829254508
309	1	9	0.865871489
310	1	9	0.7801834345
311	1	9	0.9015066624
312	1	9	0.9578882456
313	1	9	0.9637727737
314	1	9	0.9701715112
315	1	9	0.9755557775
316	1	9	0.978461206
317	1	9	0.979272902
318	1	9	0.9791657329
319	1	9	0.9792571664
320	1	9	0.9790106416
321	1	9	0.9793967009
322	1	9	0.979685843
323	1	9	0.9787818193
324	1	9	0.9753409028
325	1	9	0.9695364237
326	1	9	0.9603291154
327	1	9	0.9501159787
328	1	9	0.890818119
329	1	9	0.7736429572
330	1	9	0.7082998157
331	1	9	0.5270377398
332	1	9	0.8877953291
333	1	9	0.9552177787
334	1	9	0.96702528
335	1	9	0.9568673372
336	1	9	0.939101994
337	1	9	0.8841004372
338	1	9	0.9557526112
339	1	9	0.967680335
340	1	9	0.9720670581
341	1	9	0.9779715538
342	1	9	0.9786831737
343	1	9	0.978027463
344	1	9	0.9790331721
345	1	9	0.9796426892
346	1	9	0.9791138172
347	1	9	0.9793330431
348	1	9	0.9781376719
349	1	9	0.9783912897
350	1	9	0.9770653248
351	1	9	0.9708428383
352	1	9	0.9653922319
353	1	9	0.9589287043
354	1	9	0.8854612708
355	1	9	0.8256651759
356	1	9	0.6112569571
357	1	9	0.404045701
358	1	9	0.4686201513
359	1	9	0.7811366916
360	1	9	0.8992350101
361	1	9	0.924600482
362	1	9	0.9687540531
363	1	9	0.9723978639
364	1	9	0.9635074735
365	1	9	0.9691218734
366	1	9	0.9754012227
367	1	9	0.9786168337
368	1	9	0.978238523
369	1	9	0.979346931
370	1	9	0.978813827
371	1	9	0.9777895212
372	1	9	0.9762404561
373	1	9	0.971688211
374	1	9	0.9686518312
375	1	9	0.9478045702
376	1	9	0.874892354
377	1	9	0.8594718575
378	1	9	0.5816307068
379	1	9	0.5725521445
380	1	9	0.610660851
381	1	9	0.6158605814
382	1	9	0.6312621236
383	1	9	0.767338872
384	1	9	0.8695497513
385	1	9	0.9493341446
386	1	9	0.9633643031
387	1	9	0.9695801735
388	1	9	0.9744731784
389	1	9	0.9786302447
390	1	9	0.9791492224
391	1	9	0.978518486
392	1	9	0.9783686996
393	1	9	0.969673574
394	1	9	0.9639723301
395	1	9	0.9522402883
396	1	9	0.9524059296
397	1	9	0.8816931844
398	1	9	0.7963982821
399	1	9	0.7760126591
400	1	9	0.7697778344
401	1	9	0.7863163948
402	1	9	0.881681025
403	1	9	0.955109477
404	1	9	0.953943193
405	1	9	0.9660352468
406	1	9	0.97156322
407	1	9	0.9823881388
408	1	9	0.9788944721
409	1	9	0.978200078
410	1	9	0.9774034619
411	1	9	0.9758422971
412	1	9	0.9707571864
413	1	9	0.9641827941
414	1	9	0.9519411922
415	1	9	0.9553596377
416	1	9	0.8854209781
417	1	9	0.8846610785
418	1	9	0.8816077113
419	1	9	0.8798143268
420	1	9	0.9511954784
421	1	9	0.9499780536
422	1	9	0.9629998207
423	1	9	0.9714257121
424	1	9	0.9760733843
425	1	9	0.9777880311
426	1	9	0.977875948
427	1	9	0.9780462384
428	1	9	0.9797666073
429	1	9	0.9795993567
430	1	9	0.978027761
431	1	9	0.9768442512
432	1	9	0.970885396
433	1	9	0.9723812342
434	1	9	0.9655966759
435	1	9	0.9547567964
436	1	9	0.9475779533
437	1	9	0.9543406963
438	1	9	0.95073843
439	1	9	0.9505773187
440	1	9	0.953682065
441	1	9	0.9484521151
442	1	9	0.9653577805
443	1	9	0.9694540501
444	1	9	0.969383657
445	1	9	0.9747490883
446	1	9	0.9790226221
447	1	9	0.9770881534
448	1	9	0.9732177258
449	1	9	0.9669028521
450	1	9	0.9659388065
451	1	9	0.9669311643
452	1	9	0.9656434655
453	1	9	0.9635708928
454	1	9	0.9779766798
455	1	9	0.9768100381
456	1	9	0.9725571871
457	1	9	0.9729174376
458	1	9	0.9732409716
459	1	9	0.972560823
460	1	9	0.9771623611
461	1	9	0.9774055481
462	1	9	0.9765691161
463	1	9	0.975259006
464	1	9	0.9753157496
465	1	9	0.9779633284
466	1	9	0.9779613614
467	1	9	0.9775479436
468	1	9	0.9779247046
469	1	9	0.9782896638
470	1	9	0.9790016413
471	1	9	0.978279531
472	1	9	0.9786926508
2	1	10	0.9772744179
3	1	10	0.97776407
4	1	10	0.9773548245
5	1	10	0.9772702456
6	1	10	0.9772796035
7	1	10	0.9774271846
9	1	10	0.9777387977
10	1	10	0.977570951
11	1	10	0.977576375
12	1	10	0.9773711562
13	1	10	0.9774854779
14	1	10	0.9773759246
15	1	10	0.9776540995
16	1	10	0.97684443
17	1	10	0.9776616096
18	1	10	0.9779595137
19	1	10	0.9776787758
20	1	10	0.9768195748
21	1	10	0.9770306349
22	1	10	0.9769466519
23	1	10	0.977027595
24	1	10	0.9774394631
25	1	10	0.9774645567
26	1	10	0.9774790406
27	1	10	0.9775749445
28	1	10	0.9774428606
29	1	10	0.9774805903
30	1	10	0.9777030349
31	1	10	0.9776425362
32	1	10	0.9774854183
33	1	10	0.9767143726
34	1	10	0.9772724509
35	1	10	0.9776443243
36	1	10	0.9768661857
37	1	10	0.9770276546
38	1	10	0.9768650532
39	1	10	0.9770162702
40	1	10	0.9766209126
41	1	10	0.9775454998
42	1	10	0.977486372
43	1	10	0.9775710106
44	1	10	0.9770292044
45	1	10	0.9770134687
46	1	10	0.976698637
47	1	10	0.9772748947
48	1	10	0.977052629
49	1	10	0.9774842262
50	1	10	0.9768202305
51	1	10	0.9774035215
52	1	10	0.9773067832
53	1	10	0.9759379625
54	1	10	0.9772884846
55	1	10	0.9768870473
56	1	10	0.9768840075
57	1	10	0.9775643349
58	1	10	0.9767295718
59	1	10	0.9775806665
60	1	10	0.9768132567
61	1	10	0.9775349498
62	1	10	0.9769328237
63	1	10	0.9772686958
64	1	10	0.9766187668
65	1	10	0.9769330025
66	1	10	0.976136446
67	1	10	0.9760287404
68	1	10	0.9772691131
69	1	10	0.9764490724
70	1	10	0.9759756327
71	1	10	0.976565063
72	1	10	0.9766100645
73	1	10	0.9772396684
74	1	10	0.976873517
75	1	10	0.9775806069
76	1	10	0.9773903489
77	1	10	0.9767240882
78	1	10	0.9767162204
79	1	10	0.9767771959
80	1	10	0.976290226
81	1	10	0.9763175845
82	1	10	0.9763024449
83	1	10	0.9755017161
84	1	10	0.9764565229
85	1	10	0.9762304425
86	1	10	0.9765558839
87	1	10	0.9763019681
88	1	10	0.9763872623
89	1	10	0.9765892029
90	1	10	0.9763587713
91	1	10	0.9769839048
92	1	10	0.9773453474
93	1	10	0.9772940278
94	1	10	0.9766259789
95	1	10	0.9764230251
96	1	10	0.9752374887
97	1	10	0.9752697945
98	1	10	0.9765539169
99	1	10	0.9749878049
100	1	10	0.9753727317
101	1	10	0.9743438363
102	1	10	0.9762582779
103	1	10	0.9766557217
104	1	10	0.975310564
105	1	10	0.9757354856
106	1	10	0.9756640196
107	1	10	0.9768926501
108	1	10	0.9765159488
109	1	10	0.9771263599
110	1	10	0.9774903059
111	1	10	0.976556778
112	1	10	0.9764178991
113	1	10	0.9765372276
114	1	10	0.9756407142
115	1	10	0.9733430743
116	1	10	0.972037077
117	1	10	0.9727755785
118	1	10	0.9728758335
119	1	10	0.9681537747
120	1	10	0.9729830027
121	1	10	0.969492197
122	1	10	0.9738633633
123	1	10	0.9735463262
124	1	10	0.97552073
125	1	10	0.9764491916
126	1	10	0.9766777754
127	1	10	0.9765975475
128	1	10	0.9769308567
129	1	10	0.9775334001
132	1	10	0.9770781994
133	1	10	0.9765027761
134	1	10	0.9768330455
135	1	10	0.976955235
136	1	10	0.976261735
137	1	10	0.9738650918
138	1	10	0.9746537209
139	1	10	0.9682424068
140	1	10	0.9694219232
141	1	10	0.9645006657
142	1	10	0.9625800252
143	1	10	0.9683253169
144	1	10	0.9678357244
145	1	10	0.9704980254
146	1	10	0.9720757008
147	1	10	0.9736540318
148	1	10	0.9767944217
149	1	10	0.9748685956
150	1	10	0.9768447876
151	1	10	0.9762017131
152	1	10	0.9770248532
153	1	10	0.9773302674
155	1	10	0.977501452
156	1	10	0.9774267673
157	1	10	0.9760628939
158	1	10	0.9762058854
159	1	10	0.9763575792
160	1	10	0.9721114039
161	1	10	0.966750443
162	1	10	0.969831109
163	1	10	0.9637603164
164	1	10	0.962710917
165	1	10	0.9572751522
166	1	10	0.9419094324
167	1	10	0.9639133811
168	1	10	0.961150527
169	1	10	0.9634771943
170	1	10	0.9709938169
171	1	10	0.9699837565
172	1	10	0.9733763337
173	1	10	0.9764670134
174	1	10	0.9758707285
175	1	10	0.976418376
176	1	10	0.9766350985
177	1	10	0.9765706658
178	1	10	0.9770315886
179	1	10	0.9778168797
180	1	10	0.9772385359
181	1	10	0.9769916534
182	1	10	0.9767963886
183	1	10	0.9769248366
184	1	10	0.9760497808
185	1	10	0.9727238417
186	1	10	0.9662763476
187	1	10	0.9673547149
188	1	10	0.9650990963
189	1	10	0.9492239952
190	1	10	0.950879097
191	1	10	0.9497317672
192	1	10	0.8589189649
193	1	10	0.9501873255
194	1	10	0.9534423947
195	1	10	0.9446531534
196	1	10	0.9607155919
197	1	10	0.9657778144
198	1	10	0.9656489491
199	1	10	0.9716139436
200	1	10	0.9758370519
201	1	10	0.9768710136
202	1	10	0.9765076041
203	1	10	0.9768095613
204	1	10	0.9773814082
205	1	10	0.977599144
206	1	10	0.9774640203
207	1	10	0.9773931503
208	1	10	0.9780126214
209	1	10	0.9782553911
210	1	10	0.9770137072
211	1	10	0.9771108627
212	1	10	0.9774239063
213	1	10	0.9755599499
214	1	10	0.9742961526
215	1	10	0.9733477831
216	1	10	0.9674128294
217	1	10	0.9611427188
218	1	10	0.9472686648
219	1	10	0.8584464192
220	1	10	0.864100039
221	1	10	0.8869090676
222	1	10	0.8638792634
223	1	10	0.8718546629
224	1	10	0.8753171563
225	1	10	0.8760120273
226	1	10	0.9439855218
227	1	10	0.9623206854
228	1	10	0.9684897661
229	1	10	0.9711433053
230	1	10	0.9727774262
231	1	10	0.9763742089
232	1	10	0.9761095643
233	1	10	0.9768561125
234	1	10	0.9767055511
235	1	10	0.9771973491
236	1	10	0.9777331352
237	1	10	0.9770703912
238	1	10	0.977691412
239	1	10	0.9780859947
240	1	10	0.9765821099
241	1	10	0.9761793613
242	1	10	0.9762219787
243	1	10	0.9757395983
244	1	10	0.9732329845
245	1	10	0.9688874483
246	1	10	0.9633310437
247	1	10	0.9490459561
248	1	10	0.868003428
249	1	10	0.8593390584
250	1	10	0.7938138247
251	1	10	0.8232127428
252	1	10	0.8291533589
253	1	10	0.7505115271
254	1	10	0.8615761995
255	1	10	0.9136434793
256	1	10	0.9418554902
257	1	10	0.9599307179
258	1	10	0.9612537026
259	1	10	0.9688268304
260	1	10	0.9737799764
261	1	10	0.975050211
262	1	10	0.9760633111
263	1	10	0.9766001105
264	1	10	0.9763507247
265	1	10	0.9772347212
266	1	10	0.977170527
267	1	10	0.9775232673
268	1	10	0.9777111411
269	1	10	0.9768665433
270	1	10	0.9765037894
271	1	10	0.9768153429
272	1	10	0.9752549529
273	1	10	0.9715696573
274	1	10	0.9687064886
275	1	10	0.9639210105
276	1	10	0.9479653239
277	1	10	0.8792032003
278	1	10	0.7923640609
279	1	10	0.8610538244
280	1	10	0.8446412086
281	1	10	0.8354470134
282	1	10	0.8558875322
283	1	10	0.8941308856
284	1	10	0.9432401657
285	1	10	0.9574366808
286	1	10	0.9456889033
287	1	10	0.9611727595
288	1	10	0.9655381441
289	1	10	0.9730952978
290	1	10	0.9754146934
291	1	10	0.976526618
292	1	10	0.9793637991
293	1	10	0.9770983458
294	1	10	0.9773697257
295	1	10	0.9772300124
296	1	10	0.9771376848
297	1	10	0.9771726131
298	1	10	0.9757292271
299	1	10	0.9722108245
300	1	10	0.9671573043
301	1	10	0.9561173916
302	1	10	0.9488238692
303	1	10	0.8876485229
304	1	10	0.7637165189
305	1	10	0.9202888012
306	1	10	0.8867146373
307	1	10	0.8240564466
308	1	10	0.8121816516
309	1	10	0.8521260619
310	1	10	0.7589594722
311	1	10	0.8911800981
312	1	10	0.9533200264
313	1	10	0.95982939
314	1	10	0.9669126272
315	1	10	0.9728769064
316	1	10	0.9760968089
317	1	10	0.976996541
318	1	10	0.976877749
319	1	10	0.9769791365
320	1	10	0.9767058492
321	1	10	0.9771338105
322	1	10	0.9774543643
323	1	10	0.9764521718
324	1	10	0.9726387858
325	1	10	0.9662094116
326	1	10	0.9560195208
327	1	10	0.9447292089
328	1	10	0.8794477582
329	1	10	0.7518932819
330	1	10	0.6816706657
331	1	10	0.4908346832
332	1	10	0.8761326075
333	1	10	0.9503674507
334	1	10	0.9634292126
335	1	10	0.9521911144
336	1	10	0.9325687289
337	1	10	0.8720820546
338	1	10	0.9509587288
339	1	10	0.9641543627
340	1	10	0.9690119624
341	1	10	0.975554049
342	1	10	0.9763429165
343	1	10	0.9756160975
344	1	10	0.9767308235
345	1	10	0.9774065018
346	1	10	0.9768202305
347	1	10	0.9770632386
348	1	10	0.9757382274
349	1	10	0.9760193229
350	1	10	0.9745497108
351	1	10	0.967656076
352	1	10	0.9616216421
353	1	10	0.9544706345
354	1	10	0.8735736609
355	1	10	0.8082765341
356	1	10	0.5787231922
357	1	10	0.3653427958
358	1	10	0.4307700694
359	1	10	0.7599898577
360	1	10	0.8886853456
361	1	10	0.9165818691
362	1	10	0.9653430581
363	1	10	0.9693783522
364	1	10	0.9595358372
365	1	10	0.9657503963
366	1	10	0.9727056623
367	1	10	0.9762693644
368	1	10	0.9758500457
369	1	10	0.9770786166
370	1	10	0.9764876962
371	1	10	0.9753523469
372	1	10	0.9736355543
373	1	10	0.9685924053
374	1	10	0.9652299285
375	1	10	0.9421759248
376	1	10	0.8619957566
377	1	10	0.8451310396
378	1	10	0.5476423502
379	1	10	0.5381527543
380	1	10	0.578096211
381	1	10	0.5835681558
382	1	10	0.5998060107
383	1	10	0.7450887561
384	1	10	0.8561490774
385	1	10	0.9438655376
386	1	10	0.959377408
387	1	10	0.9662578106
388	1	10	0.9716773629
389	1	10	0.9762842059
390	1	10	0.9768594503
391	1	10	0.9761603475
392	1	10	0.9759942889
393	1	10	0.9663612843
394	1	10	0.9600502253
395	1	10	0.9470764995
396	1	10	0.9472595453
397	1	10	0.8694440722
398	1	10	0.7765059471
399	1	10	0.7544527054
400	1	10	0.7477205992
401	1	10	0.765591383
402	1	10	0.8694307208
403	1	10	0.9502477646
404	1	10	0.9489585161
405	1	10	0.9623333216
406	1	10	0.9684539437
407	1	10	0.9804505706
408	1	10	0.9765771031
409	1	10	0.9758073688
410	1	10	0.9749244452
411	1	10	0.9731943607
412	1	10	0.967561245
413	1	10	0.9602831602
414	1	10	0.9467459321
415	1	10	0.9505242705
416	1	10	0.8735294938
417	1	10	0.8726965189
418	1	10	0.8693504333
419	1	10	0.867385745
420	1	10	0.9459219575
421	1	10	0.9445768595
422	1	10	0.958974123
423	1	10	0.9683016539
424	1	10	0.9734504819
425	1	10	0.975350678
426	1	10	0.9754481316
427	1	10	0.9756368995
428	1	10	0.9775438309
429	1	10	0.9773584604
430	1	10	0.9756163955
431	1	10	0.9743047357
432	1	10	0.9677032232
433	1	10	0.9693599343
434	1	10	0.9618479013
435	1	10	0.949857831
436	1	10	0.9419256449
437	1	10	0.9493979216
438	1	10	0.9454169869
439	1	10	0.9452389479
440	1	10	0.9486699104
441	1	10	0.9428911209
442	1	10	0.9615834951
443	1	10	0.9661182165
444	1	10	0.966040194
445	1	10	0.9719830751
446	1	10	0.976719141
447	1	10	0.9745750427
448	1	10	0.9702865481
449	1	10	0.9632937312
450	1	10	0.9622265697
451	1	10	0.9633250237
452	1	10	0.9618996382
453	1	10	0.9596060514
454	1	10	0.9755597711
455	1	10	0.9742668271
456	1	10	0.9695548415
457	1	10	0.9699539542
458	1	10	0.9703123569
459	1	10	0.9695588946
460	1	10	0.9746572375
461	1	10	0.9749267697
462	1	10	0.9739998579
463	1	10	0.9725480676
464	1	10	0.9726109505
465	1	10	0.9755449891
466	1	10	0.9755427837
467	1	10	0.9750846028
468	1	10	0.975502193
469	1	10	0.9759066701
470	1	10	0.9766958952
471	1	10	0.9758954644
472	1	10	0.9763534069
