2	1	25
3	1	25
4	1	25
5	1	25
6	1	25
7	1	25
9	1	25
10	1	25
11	1	25
12	1	25
13	1	25
14	1	25
15	1	25
16	1	25
17	1	25
18	1	25
19	1	25
20	1	25
21	1	25
22	1	25
23	1	25
24	1	25
25	1	25
26	1	25
27	1	25
28	1	25
29	1	25
30	1	25
31	1	25
32	1	25
33	1	25
34	1	25
35	1	25
36	1	25
37	1	25
38	1	25
39	1	25
40	1	25
41	1	25
42	1	25
43	1	25
44	1	25
45	1	25
46	1	25
47	1	25
48	1	25
49	1	25
50	1	25
51	1	25
52	1	25
53	1	25
54	1	25
55	1	25
56	1	25
57	1	25
58	1	25
59	1	25
60	1	25
61	1	25
62	1	25
63	1	25
64	1	25
65	1	25
66	1	25
67	1	25
68	1	25
69	1	25
70	1	25
71	1	25
72	1	25
73	1	25
74	1	25
75	1	25
76	1	25
77	1	25
78	1	25
79	1	25
80	1	25
81	1	25
82	1	25
83	1	25
84	1	25
85	1	25
86	1	25
87	1	25
88	1	25
89	1	25
90	1	25
91	1	25
92	1	25
93	1	25
94	1	25
95	1	25
96	1	25
97	1	25
98	1	25
99	1	25
100	1	25
101	1	25
102	1	25
103	1	25
104	1	25
105	1	25
106	1	25
107	1	25
108	1	25
109	1	25
110	1	25
111	1	25
112	1	25
113	1	25
114	1	25
115	1	25
116	1	25
117	1	25
118	1	25
119	1	25
120	1	25
121	1	25
122	1	25
123	1	25
124	1	25
125	1	25
126	1	25
127	1	25
128	1	25
129	1	25
132	1	25
133	1	25
134	1	25
135	1	25
136	1	25
137	1	25
138	1	25
139	1	25
140	1	25
141	1	25
142	1	25
143	1	25
144	1	25
145	1	25
146	1	25
147	1	25
148	1	25
149	1	25
150	1	25
151	1	25
152	1	25
153	1	25
155	1	25
156	1	25
157	1	25
158	1	25
159	1	25
160	1	25
161	1	25
162	1	25
163	1	25
164	1	25
165	1	25
166	1	25
167	1	25
168	1	25
169	1	25
170	1	25
171	1	25
172	1	25
173	1	25
174	1	25
175	1	25
176	1	25
177	1	25
178	1	25
179	1	25
180	1	25
181	1	25
182	1	25
183	1	25
184	1	25
185	1	25
186	1	25
187	1	25
188	1	25
189	1	25
190	1	25
191	1	25
192	1	25
193	1	25
194	1	25
195	1	25
196	1	25
197	1	25
198	1	25
199	1	25
200	1	25
201	1	25
202	1	25
203	1	25
204	1	25
205	1	25
206	1	25
207	1	25
208	1	25
209	1	25
210	1	25
211	1	25
212	1	25
213	1	25
214	1	25
215	1	25
216	1	25
217	1	25
218	1	25
219	1	25
220	1	25
221	1	25
222	1	25
223	1	25
224	1	25
225	1	25
226	1	25
227	1	25
228	1	25
229	1	25
230	1	25
231	1	25
232	1	25
233	1	25
234	1	25
235	1	25
236	1	25
237	1	25
238	1	25
239	1	25
240	1	25
241	1	25
242	1	25
243	1	25
244	1	25
245	1	25
246	1	25
247	1	25
248	1	25
249	1	25
250	1	25
251	1	25
252	1	25
253	1	25
254	1	25
255	1	25
256	1	25
257	1	25
258	1	25
259	1	25
260	1	25
261	1	25
262	1	25
263	1	25
264	1	25
265	1	25
266	1	25
267	1	25
268	1	25
269	1	25
270	1	25
271	1	25
272	1	25
273	1	25
274	1	25
275	1	25
276	1	25
277	1	25
278	1	25
279	1	25
280	1	25
281	1	25
282	1	25
283	1	25
284	1	25
285	1	25
286	1	25
287	1	25
288	1	25
289	1	25
290	1	25
291	1	25
292	1	25
293	1	25
294	1	25
295	1	25
296	1	25
297	1	25
298	1	25
299	1	25
300	1	25
301	1	25
302	1	25
303	1	25
304	1	25
305	1	25
306	1	25
307	1	25
308	1	25
309	1	25
310	1	25
311	1	25
312	1	25
313	1	25
314	1	25
315	1	25
316	1	25
317	1	25
318	1	25
319	1	25
320	1	25
321	1	25
322	1	25
323	1	25
324	1	25
325	1	25
326	1	25
327	1	25
328	1	25
329	1	25
330	1	25
331	1	25
332	1	25
333	1	25
334	1	25
335	1	25
336	1	25
337	1	25
338	1	25
339	1	25
340	1	25
341	1	25
342	1	25
343	1	25
344	1	25
345	1	25
346	1	25
347	1	25
348	1	25
349	1	25
350	1	25
351	1	25
352	1	25
353	1	25
354	1	25
355	1	25
356	1	25
357	1	25
358	1	25
359	1	25
360	1	25
361	1	25
362	1	25
363	1	25
364	1	25
365	1	25
366	1	25
367	1	25
368	1	25
369	1	25
370	1	25
371	1	25
372	1	25
373	1	25
374	1	25
375	1	25
376	1	25
377	1	25
378	1	25
379	1	25
380	1	25
381	1	25
382	1	25
383	1	25
384	1	25
385	1	25
386	1	25
387	1	25
388	1	25
389	1	25
390	1	25
391	1	25
392	1	25
393	1	25
394	1	25
395	1	25
396	1	25
397	1	25
398	1	25
399	1	25
400	1	25
401	1	25
402	1	25
403	1	25
404	1	25
405	1	25
406	1	25
407	1	25
408	1	25
409	1	25
410	1	25
411	1	25
412	1	25
413	1	25
414	1	25
415	1	25
416	1	25
417	1	25
418	1	25
419	1	25
420	1	25
421	1	25
422	1	25
423	1	25
424	1	25
425	1	25
426	1	25
427	1	25
428	1	25
429	1	25
430	1	25
431	1	25
432	1	25
433	1	25
434	1	25
435	1	25
436	1	25
437	1	25
438	1	25
439	1	25
440	1	25
441	1	25
442	1	25
443	1	25
444	1	25
445	1	25
446	1	25
447	1	25
448	1	25
449	1	25
450	1	25
451	1	25
452	1	25
453	1	25
454	1	25
455	1	25
456	1	25
457	1	25
458	1	25
459	1	25
460	1	25
461	1	25
462	1	25
463	1	25
464	1	25
465	1	25
466	1	25
467	1	25
468	1	25
469	1	25
470	1	25
471	1	25
472	1	25
2	2	50
3	2	50
4	2	50
5	2	50
6	2	50
7	2	50
9	2	50
10	2	50
11	2	50
12	2	50
13	2	50
14	2	50
15	2	50
16	2	50
17	2	50
18	2	50
19	2	50
20	2	50
21	2	50
22	2	50
23	2	50
24	2	50
25	2	50
26	2	50
27	2	50
28	2	50
29	2	50
30	2	50
31	2	50
32	2	50
33	2	50
34	2	50
35	2	50
36	2	50
37	2	50
38	2	50
39	2	50
40	2	50
41	2	50
42	2	50
43	2	50
44	2	50
45	2	50
46	2	50
47	2	50
48	2	50
49	2	50
50	2	50
51	2	50
52	2	50
53	2	50
54	2	50
55	2	50
56	2	50
57	2	50
58	2	50
59	2	50
60	2	50
61	2	50
62	2	50
63	2	50
64	2	50
65	2	50
66	2	50
67	2	50
68	2	50
69	2	50
70	2	50
71	2	50
72	2	50
73	2	50
74	2	50
75	2	50
76	2	50
77	2	50
78	2	50
79	2	50
80	2	50
81	2	50
82	2	50
83	2	50
84	2	50
85	2	50
86	2	50
87	2	50
88	2	50
89	2	50
90	2	50
91	2	50
92	2	50
93	2	50
94	2	50
95	2	50
96	2	50
97	2	50
98	2	50
99	2	50
100	2	50
101	2	50
102	2	50
103	2	50
104	2	50
105	2	50
106	2	50
107	2	50
108	2	50
109	2	50
110	2	50
111	2	50
112	2	50
113	2	50
114	2	50
115	2	50
116	2	50
117	2	50
118	2	50
119	2	50
120	2	50
121	2	50
122	2	50
123	2	50
124	2	50
125	2	50
126	2	50
127	2	50
128	2	50
129	2	50
132	2	50
133	2	50
134	2	50
135	2	50
136	2	50
137	2	50
138	2	50
139	2	50
140	2	50
141	2	50
142	2	50
143	2	50
144	2	50
145	2	50
146	2	50
147	2	50
148	2	50
149	2	50
150	2	50
151	2	50
152	2	50
153	2	50
155	2	50
156	2	50
157	2	50
158	2	50
159	2	50
160	2	50
161	2	50
162	2	50
163	2	50
164	2	50
165	2	50
166	2	50
167	2	50
168	2	50
169	2	50
170	2	50
171	2	50
172	2	50
173	2	50
174	2	50
175	2	50
176	2	50
177	2	50
178	2	50
179	2	50
180	2	50
181	2	50
182	2	50
183	2	50
184	2	50
185	2	50
186	2	50
187	2	50
188	2	50
189	2	50
190	2	50
191	2	50
192	2	50
193	2	50
194	2	50
195	2	50
196	2	50
197	2	50
198	2	50
199	2	50
200	2	50
201	2	50
202	2	50
203	2	50
204	2	50
205	2	50
206	2	50
207	2	50
208	2	50
209	2	50
210	2	50
211	2	50
212	2	50
213	2	50
214	2	50
215	2	50
216	2	50
217	2	50
218	2	50
219	2	50
220	2	50
221	2	50
222	2	50
223	2	50
224	2	50
225	2	50
226	2	50
227	2	50
228	2	50
229	2	50
230	2	50
231	2	50
232	2	50
233	2	50
234	2	50
235	2	50
236	2	50
237	2	50
238	2	50
239	2	50
240	2	50
241	2	50
242	2	50
243	2	50
244	2	50
245	2	50
246	2	50
247	2	50
248	2	50
249	2	50
250	2	50
251	2	50
252	2	50
253	2	50
254	2	50
255	2	50
256	2	50
257	2	50
258	2	50
259	2	50
260	2	50
261	2	50
262	2	50
263	2	50
264	2	50
265	2	50
266	2	50
267	2	50
268	2	50
269	2	50
270	2	50
271	2	50
272	2	50
273	2	50
274	2	50
275	2	50
276	2	50
277	2	50
278	2	50
279	2	50
280	2	50
281	2	50
282	2	50
283	2	50
284	2	50
285	2	50
286	2	50
287	2	50
288	2	50
289	2	50
290	2	50
291	2	50
292	2	50
293	2	50
294	2	50
295	2	50
296	2	50
297	2	50
298	2	50
299	2	50
300	2	50
301	2	50
302	2	50
303	2	50
304	2	50
305	2	50
306	2	50
307	2	50
308	2	50
309	2	50
310	2	50
311	2	50
312	2	50
313	2	50
314	2	50
315	2	50
316	2	50
317	2	50
318	2	50
319	2	50
320	2	50
321	2	50
322	2	50
323	2	50
324	2	50
325	2	50
326	2	50
327	2	50
328	2	50
329	2	50
330	2	50
331	2	50
332	2	50
333	2	50
334	2	50
335	2	50
336	2	50
337	2	50
338	2	50
339	2	50
340	2	50
341	2	50
342	2	50
343	2	50
344	2	50
345	2	50
346	2	50
347	2	50
348	2	50
349	2	50
350	2	50
351	2	50
352	2	50
353	2	50
354	2	50
355	2	50
356	2	50
357	2	50
358	2	50
359	2	50
360	2	50
361	2	50
362	2	50
363	2	50
364	2	50
365	2	50
366	2	50
367	2	50
368	2	50
369	2	50
370	2	50
371	2	50
372	2	50
373	2	50
374	2	50
375	2	50
376	2	50
377	2	50
378	2	50
379	2	50
380	2	50
381	2	50
382	2	50
383	2	50
384	2	50
385	2	50
386	2	50
387	2	50
388	2	50
389	2	50
390	2	50
391	2	50
392	2	50
393	2	50
394	2	50
395	2	50
396	2	50
397	2	50
398	2	50
399	2	50
400	2	50
401	2	50
402	2	50
403	2	50
404	2	50
405	2	50
406	2	50
407	2	50
408	2	50
409	2	50
410	2	50
411	2	50
412	2	50
413	2	50
414	2	50
415	2	50
416	2	50
417	2	50
418	2	50
419	2	50
420	2	50
421	2	50
422	2	50
423	2	50
424	2	50
425	2	50
426	2	50
427	2	50
428	2	50
429	2	50
430	2	50
431	2	50
432	2	50
433	2	50
434	2	50
435	2	50
436	2	50
437	2	50
438	2	50
439	2	50
440	2	50
441	2	50
442	2	50
443	2	50
444	2	50
445	2	50
446	2	50
447	2	50
448	2	50
449	2	50
450	2	50
451	2	50
452	2	50
453	2	50
454	2	50
455	2	50
456	2	50
457	2	50
458	2	50
459	2	50
460	2	50
461	2	50
462	2	50
463	2	50
464	2	50
465	2	50
466	2	50
467	2	50
468	2	50
469	2	50
470	2	50
471	2	50
472	2	50
2	3	100
3	3	100
4	3	100
5	3	100
6	3	75
7	3	100
9	3	75
10	3	75
11	3	75
12	3	75
13	3	75
14	3	75
15	3	75
16	3	100
17	3	75
18	3	75
19	3	75
20	3	75
21	3	75
22	3	75
23	3	75
24	3	75
25	3	100
26	3	100
27	3	100
28	3	100
29	3	100
30	3	100
31	3	75
32	3	75
33	3	75
34	3	75
35	3	75
36	3	75
37	3	75
38	3	100
39	3	100
40	3	100
41	3	100
42	3	100
43	3	100
44	3	100
45	3	75
46	3	75
47	3	75
48	3	75
49	3	75
50	3	75
51	3	100
52	3	100
53	3	100
54	3	75
55	3	75
56	3	75
57	3	75
58	3	75
59	3	75
60	3	75
61	3	100
62	3	100
63	3	100
64	3	100
65	3	100
66	3	100
67	3	100
68	3	75
69	3	75
70	3	75
71	3	75
72	3	75
73	3	75
74	3	100
75	3	100
76	3	100
77	3	100
78	3	100
79	3	100
80	3	100
81	3	100
82	3	75
83	3	75
84	3	100
85	3	100
86	3	100
87	3	100
88	3	100
89	3	100
90	3	100
91	3	100
92	3	100
93	3	100
94	3	75
95	3	75
96	3	75
97	3	100
98	3	100
99	3	100
100	3	75
101	3	75
102	3	75
103	3	75
104	3	75
105	3	75
106	3	100
107	3	100
108	3	100
109	3	100
110	3	100
111	3	75
112	3	75
113	3	75
114	3	75
115	3	75
116	3	75
117	3	75
118	3	75
119	3	75
120	3	75
121	3	75
122	3	75
123	3	100
124	3	100
125	3	100
126	3	75
127	3	75
128	3	100
129	3	100
132	3	75
133	3	75
134	3	75
135	3	75
136	3	75
137	3	75
138	3	75
139	3	75
140	3	75
141	3	75
142	3	75
143	3	75
144	3	75
145	3	75
146	3	75
147	3	75
148	3	75
149	3	75
150	3	75
151	3	100
152	3	100
153	3	100
155	3	100
156	3	75
157	3	75
158	3	75
159	3	75
160	3	75
161	3	75
162	3	75
163	3	75
164	3	75
165	3	75
166	3	75
167	3	75
168	3	75
169	3	75
170	3	75
171	3	75
172	3	75
173	3	75
174	3	100
175	3	100
176	3	100
177	3	100
178	3	100
179	3	100
180	3	100
181	3	100
182	3	100
183	3	75
184	3	75
185	3	75
186	3	75
187	3	75
188	3	75
189	3	75
190	3	75
191	3	75
192	3	75
193	3	75
194	3	75
195	3	75
196	3	75
197	3	75
198	3	75
199	3	75
200	3	75
201	3	100
202	3	75
203	3	75
204	3	75
205	3	100
206	3	100
207	3	100
208	3	100
209	3	75
210	3	100
211	3	100
212	3	100
213	3	75
214	3	75
215	3	75
216	3	75
217	3	75
218	3	75
219	3	75
220	3	75
221	3	75
222	3	75
223	3	75
224	3	75
225	3	75
226	3	75
227	3	75
228	3	75
229	3	75
230	3	75
231	3	75
232	3	75
233	3	75
234	3	75
235	3	75
236	3	100
237	3	100
238	3	100
239	3	100
240	3	100
241	3	100
242	3	100
243	3	75
244	3	75
245	3	75
246	3	75
247	3	75
248	3	75
249	3	75
250	3	75
251	3	75
252	3	75
253	3	75
254	3	75
255	3	75
256	3	75
257	3	75
258	3	75
259	3	75
260	3	75
261	3	75
262	3	75
263	3	75
264	3	75
265	3	75
266	3	100
267	3	100
268	3	100
269	3	100
270	3	100
271	3	75
272	3	75
273	3	75
274	3	75
275	3	75
276	3	75
277	3	75
278	3	75
279	3	75
280	3	75
281	3	75
282	3	75
283	3	75
284	3	75
285	3	75
286	3	75
287	3	75
288	3	75
289	3	75
290	3	75
291	3	75
292	3	75
293	3	100
294	3	100
295	3	100
296	3	100
297	3	100
298	3	75
299	3	75
300	3	75
301	3	75
302	3	75
303	3	75
304	3	75
305	3	75
306	3	75
307	3	75
308	3	75
309	3	75
310	3	75
311	3	75
312	3	75
313	3	75
314	3	75
315	3	75
316	3	75
317	3	75
318	3	100
319	3	100
320	3	100
321	3	100
322	3	100
323	3	75
324	3	75
325	3	75
326	3	75
327	3	75
328	3	75
329	3	75
330	3	75
331	3	100
332	3	75
333	3	75
334	3	75
335	3	75
336	3	75
337	3	75
338	3	75
339	3	75
340	3	75
341	3	75
342	3	100
343	3	100
344	3	100
345	3	100
346	3	100
347	3	100
348	3	100
349	3	75
350	3	75
351	3	75
352	3	75
353	3	75
354	3	75
355	3	75
356	3	100
357	3	75
358	3	100
359	3	75
360	3	75
361	3	75
362	3	75
363	3	75
364	3	75
365	3	75
366	3	75
367	3	100
368	3	100
369	3	100
370	3	100
371	3	75
372	3	75
373	3	75
374	3	75
375	3	75
376	3	75
377	3	75
378	3	100
379	3	100
380	3	100
381	3	75
382	3	75
383	3	75
384	3	75
385	3	75
386	3	100
387	3	100
388	3	100
389	3	100
390	3	100
391	3	75
392	3	75
393	3	75
394	3	75
395	3	75
396	3	75
397	3	100
398	3	75
399	3	100
400	3	100
401	3	75
402	3	75
403	3	75
404	3	75
405	3	100
406	3	100
407	3	100
408	3	100
409	3	100
410	3	75
411	3	75
412	3	75
413	3	75
414	3	100
415	3	100
416	3	75
417	3	75
418	3	75
419	3	75
420	3	75
421	3	75
422	3	75
423	3	100
424	3	100
425	3	100
426	3	75
427	3	100
428	3	100
429	3	100
430	3	100
431	3	75
432	3	75
433	3	100
434	3	75
435	3	75
436	3	75
437	3	75
438	3	100
439	3	100
440	3	100
441	3	100
442	3	100
443	3	100
444	3	100
445	3	100
446	3	75
447	3	75
448	3	75
449	3	75
450	3	75
451	3	100
452	3	100
453	3	100
454	3	100
455	3	75
456	3	75
457	3	75
458	3	75
459	3	100
460	3	75
461	3	75
462	3	75
463	3	100
464	3	100
465	3	75
466	3	75
467	3	100
468	3	100
469	3	75
470	3	75
471	3	100
472	3	100
2	4	150
3	4	150
4	4	150
5	4	150
6	4	100
7	4	150
9	4	100
10	4	100
11	4	100
12	4	100
13	4	100
14	4	100
15	4	100
16	4	150
17	4	100
18	4	100
19	4	100
20	4	100
21	4	100
22	4	100
23	4	100
24	4	100
25	4	150
26	4	150
27	4	150
28	4	150
29	4	150
30	4	150
31	4	100
32	4	100
33	4	100
34	4	100
35	4	100
36	4	100
37	4	100
38	4	150
39	4	150
40	4	150
41	4	150
42	4	150
43	4	150
44	4	150
45	4	100
46	4	100
47	4	100
48	4	100
49	4	100
50	4	100
51	4	150
52	4	150
53	4	150
54	4	100
55	4	100
56	4	100
57	4	100
58	4	100
59	4	100
60	4	100
61	4	150
62	4	150
63	4	150
64	4	150
65	4	150
66	4	150
67	4	150
68	4	100
69	4	100
70	4	100
71	4	100
72	4	100
73	4	100
74	4	150
75	4	150
76	4	150
77	4	150
78	4	150
79	4	150
80	4	150
81	4	150
82	4	100
83	4	100
84	4	150
85	4	150
86	4	150
87	4	150
88	4	150
89	4	150
90	4	150
91	4	150
92	4	150
93	4	150
94	4	100
95	4	100
96	4	100
97	4	150
98	4	150
99	4	150
100	4	100
101	4	100
102	4	100
103	4	100
104	4	100
105	4	125
106	4	150
107	4	150
108	4	150
109	4	150
110	4	150
111	4	100
112	4	100
113	4	100
114	4	100
115	4	100
116	4	125
117	4	100
118	4	100
119	4	100
120	4	100
121	4	100
122	4	100
123	4	150
124	4	150
125	4	150
126	4	100
127	4	100
128	4	150
129	4	150
132	4	100
133	4	100
134	4	100
135	4	100
136	4	100
137	4	100
138	4	100
139	4	100
140	4	100
141	4	100
142	4	100
143	4	100
144	4	100
145	4	100
146	4	100
147	4	100
148	4	100
149	4	100
150	4	100
151	4	150
152	4	150
153	4	150
155	4	150
156	4	100
157	4	100
158	4	100
159	4	125
160	4	100
161	4	100
162	4	100
163	4	100
164	4	100
165	4	100
166	4	100
167	4	100
168	4	100
169	4	100
170	4	100
171	4	100
172	4	100
173	4	100
174	4	150
175	4	150
176	4	150
177	4	150
178	4	150
179	4	150
180	4	150
181	4	150
182	4	150
183	4	100
184	4	100
185	4	100
186	4	100
187	4	100
188	4	100
189	4	100
190	4	100
191	4	100
192	4	100
193	4	100
194	4	100
195	4	100
196	4	100
197	4	100
198	4	100
199	4	100
200	4	100
201	4	150
202	4	100
203	4	100
204	4	100
205	4	150
206	4	150
207	4	150
208	4	150
209	4	100
210	4	150
211	4	150
212	4	150
213	4	100
214	4	100
215	4	100
216	4	100
217	4	100
218	4	100
219	4	100
220	4	100
221	4	100
222	4	100
223	4	100
224	4	100
225	4	100
226	4	100
227	4	100
228	4	100
229	4	100
230	4	100
231	4	100
232	4	100
233	4	100
234	4	100
235	4	100
236	4	150
237	4	150
238	4	150
239	4	150
240	4	150
241	4	150
242	4	150
243	4	100
244	4	100
245	4	100
246	4	100
247	4	100
248	4	100
249	4	100
250	4	100
251	4	100
252	4	100
253	4	100
254	4	100
255	4	100
256	4	100
257	4	100
258	4	100
259	4	100
260	4	100
261	4	100
262	4	100
263	4	100
264	4	100
265	4	100
266	4	150
267	4	150
268	4	150
269	4	150
270	4	150
271	4	100
272	4	100
273	4	100
274	4	100
275	4	100
276	4	100
277	4	100
278	4	100
279	4	100
280	4	100
281	4	100
282	4	100
283	4	100
284	4	100
285	4	100
286	4	100
287	4	100
288	4	100
289	4	100
290	4	100
291	4	100
292	4	100
293	4	150
294	4	150
295	4	150
296	4	150
297	4	150
298	4	100
299	4	100
300	4	100
301	4	100
302	4	100
303	4	100
304	4	100
305	4	100
306	4	100
307	4	100
308	4	100
309	4	100
310	4	100
311	4	100
312	4	100
313	4	100
314	4	100
315	4	100
316	4	100
317	4	110
318	4	150
319	4	150
320	4	150
321	4	150
322	4	150
323	4	100
324	4	100
325	4	100
326	4	100
327	4	100
328	4	100
329	4	100
330	4	100
331	4	150
332	4	100
333	4	100
334	4	100
335	4	100
336	4	100
337	4	100
338	4	100
339	4	100
340	4	100
341	4	100
342	4	150
343	4	150
344	4	150
345	4	150
346	4	150
347	4	150
348	4	150
349	4	100
350	4	100
351	4	100
352	4	100
353	4	100
354	4	100
355	4	100
356	4	150
357	4	100
358	4	150
359	4	100
360	4	100
361	4	100
362	4	100
363	4	100
364	4	100
365	4	100
366	4	100
367	4	150
368	4	150
369	4	150
370	4	150
371	4	100
372	4	100
373	4	100
374	4	100
375	4	100
376	4	100
377	4	100
378	4	150
379	4	150
380	4	150
381	4	100
382	4	100
383	4	100
384	4	100
385	4	100
386	4	150
387	4	150
388	4	150
389	4	150
390	4	150
391	4	100
392	4	100
393	4	100
394	4	100
395	4	100
396	4	100
397	4	150
398	4	100
399	4	150
400	4	150
401	4	100
402	4	100
403	4	100
404	4	100
405	4	150
406	4	150
407	4	150
408	4	150
409	4	150
410	4	100
411	4	100
412	4	100
413	4	100
414	4	150
415	4	150
416	4	100
417	4	100
418	4	100
419	4	100
420	4	100
421	4	100
422	4	100
423	4	150
424	4	150
425	4	150
426	4	100
427	4	150
428	4	150
429	4	150
430	4	150
431	4	100
432	4	100
433	4	150
434	4	100
435	4	100
436	4	100
437	4	100
438	4	150
439	4	150
440	4	150
441	4	150
442	4	150
443	4	150
444	4	150
445	4	150
446	4	100
447	4	100
448	4	100
449	4	100
450	4	100
451	4	150
452	4	150
453	4	150
454	4	150
455	4	100
456	4	100
457	4	100
458	4	125
459	4	150
460	4	100
461	4	100
462	4	100
463	4	150
464	4	150
465	4	100
466	4	100
467	4	150
468	4	150
469	4	100
470	4	100
471	4	150
472	4	150
2	5	200
3	5	200
4	5	200
5	5	200
6	5	125
7	5	200
9	5	125
10	5	125
11	5	125
12	5	125
13	5	125
14	5	125
15	5	125
16	5	200
17	5	125
18	5	125
19	5	125
20	5	125
21	5	125
22	5	125
23	5	125
24	5	125
25	5	200
26	5	200
27	5	200
28	5	200
29	5	200
30	5	200
31	5	125
32	5	125
33	5	125
34	5	125
35	5	125
36	5	125
37	5	125
38	5	200
39	5	200
40	5	200
41	5	200
42	5	200
43	5	200
44	5	200
45	5	125
46	5	125
47	5	125
48	5	125
49	5	125
50	5	125
51	5	200
52	5	200
53	5	200
54	5	125
55	5	125
56	5	125
57	5	125
58	5	125
59	5	125
60	5	125
61	5	200
62	5	200
63	5	200
64	5	200
65	5	200
66	5	200
67	5	200
68	5	125
69	5	125
70	5	125
71	5	125
72	5	125
73	5	125
74	5	200
75	5	200
76	5	200
77	5	200
78	5	200
79	5	200
80	5	200
81	5	200
82	5	125
83	5	125
84	5	200
85	5	200
86	5	200
87	5	200
88	5	200
89	5	200
90	5	200
91	5	200
92	5	200
93	5	200
94	5	125
95	5	125
96	5	125
97	5	200
98	5	200
99	5	200
100	5	125
101	5	125
102	5	125
103	5	125
104	5	125
105	5	175
106	5	200
107	5	200
108	5	200
109	5	200
110	5	200
111	5	125
112	5	125
113	5	125
114	5	125
115	5	125
116	5	175
117	5	125
118	5	125
119	5	125
120	5	125
121	5	125
122	5	125
123	5	200
124	5	200
125	5	200
126	5	125
127	5	125
128	5	200
129	5	200
132	5	125
133	5	125
134	5	125
135	5	125
136	5	125
137	5	125
138	5	125
139	5	125
140	5	125
141	5	125
142	5	125
143	5	125
144	5	125
145	5	125
146	5	125
147	5	125
148	5	125
149	5	125
150	5	125
151	5	200
152	5	200
153	5	200
155	5	200
156	5	125
157	5	125
158	5	125
159	5	175
160	5	125
161	5	125
162	5	125
163	5	125
164	5	125
165	5	125
166	5	125
167	5	125
168	5	125
169	5	125
170	5	125
171	5	125
172	5	125
173	5	125
174	5	200
175	5	200
176	5	200
177	5	200
178	5	200
179	5	200
180	5	200
181	5	200
182	5	200
183	5	125
184	5	125
185	5	125
186	5	125
187	5	125
188	5	125
189	5	125
190	5	125
191	5	125
192	5	125
193	5	125
194	5	125
195	5	125
196	5	125
197	5	125
198	5	125
199	5	125
200	5	125
201	5	200
202	5	125
203	5	125
204	5	125
205	5	200
206	5	200
207	5	200
208	5	200
209	5	125
210	5	200
211	5	200
212	5	200
213	5	125
214	5	125
215	5	125
216	5	125
217	5	125
218	5	125
219	5	125
220	5	125
221	5	125
222	5	125
223	5	125
224	5	125
225	5	125
226	5	125
227	5	125
228	5	125
229	5	125
230	5	125
231	5	125
232	5	125
233	5	125
234	5	125
235	5	125
236	5	200
237	5	200
238	5	200
239	5	200
240	5	200
241	5	200
242	5	200
243	5	125
244	5	125
245	5	125
246	5	125
247	5	125
248	5	125
249	5	125
250	5	125
251	5	125
252	5	125
253	5	125
254	5	125
255	5	125
256	5	125
257	5	125
258	5	125
259	5	125
260	5	125
261	5	125
262	5	125
263	5	125
264	5	125
265	5	125
266	5	200
267	5	200
268	5	200
269	5	200
270	5	200
271	5	125
272	5	125
273	5	125
274	5	125
275	5	125
276	5	125
277	5	125
278	5	125
279	5	125
280	5	125
281	5	125
282	5	125
283	5	125
284	5	125
285	5	125
286	5	125
287	5	125
288	5	125
289	5	125
290	5	125
291	5	125
292	5	125
293	5	200
294	5	200
295	5	200
296	5	200
297	5	200
298	5	125
299	5	125
300	5	125
301	5	125
302	5	125
303	5	125
304	5	125
305	5	125
306	5	125
307	5	125
308	5	125
309	5	125
310	5	125
311	5	125
312	5	125
313	5	125
314	5	125
315	5	125
316	5	125
317	5	160
318	5	200
319	5	200
320	5	200
321	5	200
322	5	200
323	5	125
324	5	125
325	5	125
326	5	125
327	5	125
328	5	125
329	5	125
330	5	125
331	5	200
332	5	125
333	5	125
334	5	125
335	5	125
336	5	125
337	5	125
338	5	125
339	5	125
340	5	125
341	5	125
342	5	200
343	5	200
344	5	200
345	5	200
346	5	200
347	5	200
348	5	200
349	5	125
350	5	125
351	5	125
352	5	125
353	5	125
354	5	125
355	5	125
356	5	200
357	5	125
358	5	200
359	5	125
360	5	125
361	5	125
362	5	125
363	5	125
364	5	125
365	5	125
366	5	125
367	5	200
368	5	200
369	5	200
370	5	200
371	5	125
372	5	125
373	5	125
374	5	125
375	5	125
376	5	125
377	5	125
378	5	200
379	5	200
380	5	200
381	5	125
382	5	125
383	5	125
384	5	125
385	5	125
386	5	200
387	5	200
388	5	200
389	5	200
390	5	200
391	5	125
392	5	125
393	5	125
394	5	125
395	5	125
396	5	125
397	5	200
398	5	125
399	5	200
400	5	200
401	5	125
402	5	125
403	5	125
404	5	125
405	5	200
406	5	200
407	5	200
408	5	200
409	5	200
410	5	125
411	5	125
412	5	125
413	5	125
414	5	200
415	5	200
416	5	125
417	5	125
418	5	125
419	5	125
420	5	125
421	5	125
422	5	125
423	5	200
424	5	200
425	5	200
426	5	125
427	5	200
428	5	200
429	5	200
430	5	200
431	5	125
432	5	125
433	5	200
434	5	125
435	5	125
436	5	125
437	5	125
438	5	200
439	5	200
440	5	200
441	5	200
442	5	200
443	5	200
444	5	200
445	5	200
446	5	125
447	5	125
448	5	125
449	5	125
450	5	125
451	5	200
452	5	200
453	5	200
454	5	200
455	5	125
456	5	125
457	5	125
458	5	175
459	5	200
460	5	125
461	5	125
462	5	125
463	5	200
464	5	200
465	5	125
466	5	125
467	5	200
468	5	200
469	5	125
470	5	125
471	5	200
472	5	200
2	6	250
3	6	250
4	6	250
5	6	250
6	6	150
7	6	250
9	6	150
10	6	150
11	6	150
12	6	150
13	6	150
14	6	150
15	6	150
16	6	250
17	6	150
18	6	150
19	6	150
20	6	150
21	6	150
22	6	150
23	6	150
24	6	150
25	6	250
26	6	250
27	6	250
28	6	250
29	6	250
30	6	250
31	6	150
32	6	150
33	6	150
34	6	150
35	6	150
36	6	150
37	6	175
38	6	250
39	6	250
40	6	250
41	6	250
42	6	250
43	6	250
44	6	250
45	6	150
46	6	150
47	6	150
48	6	150
49	6	150
50	6	175
51	6	250
52	6	250
53	6	250
54	6	150
55	6	150
56	6	150
57	6	150
58	6	150
59	6	150
60	6	150
61	6	250
62	6	250
63	6	250
64	6	250
65	6	250
66	6	250
67	6	250
68	6	150
69	6	150
70	6	150
71	6	150
72	6	150
73	6	150
74	6	250
75	6	250
76	6	250
77	6	250
78	6	250
79	6	250
80	6	250
81	6	250
82	6	150
83	6	150
84	6	250
85	6	250
86	6	250
87	6	250
88	6	250
89	6	250
90	6	250
91	6	250
92	6	250
93	6	250
94	6	150
95	6	150
96	6	150
97	6	250
98	6	250
99	6	250
100	6	150
101	6	150
102	6	150
103	6	150
104	6	150
105	6	225
106	6	250
107	6	250
108	6	250
109	6	250
110	6	250
111	6	150
112	6	150
113	6	150
114	6	150
115	6	150
116	6	225
117	6	150
118	6	150
119	6	150
120	6	150
121	6	150
122	6	150
123	6	250
124	6	250
125	6	250
126	6	150
127	6	150
128	6	250
129	6	250
132	6	150
133	6	150
134	6	150
135	6	150
136	6	150
137	6	150
138	6	150
139	6	150
140	6	150
141	6	150
142	6	150
143	6	150
144	6	150
145	6	150
146	6	150
147	6	150
148	6	150
149	6	150
150	6	175
151	6	250
152	6	250
153	6	250
155	6	250
156	6	150
157	6	150
158	6	150
159	6	225
160	6	150
161	6	150
162	6	150
163	6	150
164	6	150
165	6	150
166	6	150
167	6	150
168	6	150
169	6	150
170	6	150
171	6	150
172	6	150
173	6	150
174	6	250
175	6	250
176	6	250
177	6	250
178	6	250
179	6	250
180	6	250
181	6	250
182	6	250
183	6	150
184	6	150
185	6	150
186	6	150
187	6	150
188	6	150
189	6	150
190	6	150
191	6	150
192	6	150
193	6	150
194	6	150
195	6	150
196	6	150
197	6	150
198	6	150
199	6	150
200	6	150
201	6	250
202	6	150
203	6	150
204	6	150
205	6	250
206	6	250
207	6	250
208	6	250
209	6	150
210	6	250
211	6	250
212	6	250
213	6	150
214	6	150
215	6	150
216	6	150
217	6	150
218	6	150
219	6	150
220	6	150
221	6	150
222	6	150
223	6	150
224	6	150
225	6	150
226	6	150
227	6	150
228	6	150
229	6	150
230	6	150
231	6	150
232	6	150
233	6	150
234	6	150
235	6	150
236	6	250
237	6	250
238	6	250
239	6	250
240	6	250
241	6	250
242	6	250
243	6	150
244	6	150
245	6	150
246	6	150
247	6	150
248	6	150
249	6	150
250	6	150
251	6	150
252	6	150
253	6	150
254	6	150
255	6	150
256	6	150
257	6	150
258	6	150
259	6	150
260	6	150
261	6	150
262	6	150
263	6	150
264	6	150
265	6	150
266	6	250
267	6	250
268	6	250
269	6	250
270	6	250
271	6	150
272	6	150
273	6	150
274	6	150
275	6	150
276	6	150
277	6	150
278	6	150
279	6	150
280	6	150
281	6	150
282	6	150
283	6	150
284	6	150
285	6	150
286	6	150
287	6	150
288	6	150
289	6	150
290	6	150
291	6	150
292	6	150
293	6	250
294	6	250
295	6	250
296	6	250
297	6	250
298	6	150
299	6	150
300	6	150
301	6	150
302	6	150
303	6	150
304	6	150
305	6	150
306	6	150
307	6	150
308	6	150
309	6	150
310	6	150
311	6	150
312	6	150
313	6	150
314	6	150
315	6	150
316	6	150
317	6	210
318	6	250
319	6	250
320	6	250
321	6	250
322	6	250
323	6	150
324	6	150
325	6	150
326	6	150
327	6	150
328	6	150
329	6	150
330	6	150
331	6	250
332	6	150
333	6	150
334	6	150
335	6	150
336	6	150
337	6	150
338	6	150
339	6	150
340	6	150
341	6	150
342	6	250
343	6	250
344	6	250
345	6	250
346	6	250
347	6	250
348	6	250
349	6	150
350	6	150
351	6	150
352	6	150
353	6	150
354	6	150
355	6	150
356	6	250
357	6	150
358	6	250
359	6	150
360	6	150
361	6	150
362	6	150
363	6	150
364	6	150
365	6	150
366	6	150
367	6	250
368	6	250
369	6	250
370	6	250
371	6	150
372	6	150
373	6	150
374	6	150
375	6	150
376	6	150
377	6	150
378	6	250
379	6	250
380	6	250
381	6	150
382	6	150
383	6	150
384	6	150
385	6	150
386	6	250
387	6	250
388	6	250
389	6	250
390	6	250
391	6	150
392	6	150
393	6	150
394	6	150
395	6	150
396	6	150
397	6	250
398	6	150
399	6	250
400	6	250
401	6	150
402	6	150
403	6	150
404	6	150
405	6	250
406	6	250
407	6	250
408	6	250
409	6	250
410	6	150
411	6	150
412	6	150
413	6	150
414	6	250
415	6	250
416	6	150
417	6	150
418	6	150
419	6	150
420	6	150
421	6	150
422	6	150
423	6	250
424	6	250
425	6	250
426	6	150
427	6	250
428	6	250
429	6	250
430	6	250
431	6	150
432	6	150
433	6	250
434	6	150
435	6	150
436	6	150
437	6	150
438	6	250
439	6	250
440	6	250
441	6	250
442	6	250
443	6	250
444	6	250
445	6	250
446	6	150
447	6	150
448	6	150
449	6	150
450	6	150
451	6	250
452	6	250
453	6	250
454	6	250
455	6	150
456	6	150
457	6	150
458	6	225
459	6	250
460	6	150
461	6	150
462	6	150
463	6	250
464	6	250
465	6	150
466	6	150
467	6	250
468	6	250
469	6	150
470	6	150
471	6	250
472	6	250
2	7	300
3	7	300
4	7	300
5	7	300
6	7	175
7	7	300
9	7	175
10	7	175
11	7	175
12	7	175
13	7	175
14	7	175
15	7	175
16	7	300
17	7	200
18	7	175
19	7	175
20	7	175
21	7	175
22	7	175
23	7	175
24	7	175
25	7	300
26	7	300
27	7	300
28	7	300
29	7	300
30	7	300
31	7	175
32	7	175
33	7	175
34	7	175
35	7	175
36	7	175
37	7	225
38	7	300
39	7	300
40	7	300
41	7	300
42	7	300
43	7	300
44	7	300
45	7	175
46	7	175
47	7	175
48	7	175
49	7	175
50	7	225
51	7	300
52	7	300
53	7	300
54	7	175
55	7	175
56	7	175
57	7	175
58	7	175
59	7	175
60	7	175
61	7	300
62	7	300
63	7	300
64	7	300
65	7	300
66	7	300
67	7	300
68	7	175
69	7	175
70	7	175
71	7	175
72	7	175
73	7	175
74	7	300
75	7	300
76	7	300
77	7	300
78	7	300
79	7	300
80	7	300
81	7	300
82	7	175
83	7	175
84	7	300
85	7	300
86	7	300
87	7	300
88	7	300
89	7	300
90	7	300
91	7	300
92	7	300
93	7	300
94	7	175
95	7	175
96	7	175
97	7	300
98	7	300
99	7	300
100	7	175
101	7	175
102	7	175
103	7	175
104	7	175
105	7	275
106	7	300
107	7	300
108	7	300
109	7	300
110	7	300
111	7	175
112	7	175
113	7	175
114	7	175
115	7	175
116	7	275
117	7	175
118	7	175
119	7	175
120	7	175
121	7	175
122	7	175
123	7	300
124	7	300
125	7	300
126	7	175
127	7	175
128	7	300
129	7	300
132	7	175
133	7	175
134	7	175
135	7	175
136	7	175
137	7	175
138	7	175
139	7	175
140	7	175
141	7	175
142	7	175
143	7	175
144	7	175
145	7	175
146	7	175
147	7	175
148	7	175
149	7	175
150	7	225
151	7	300
152	7	300
153	7	300
155	7	300
156	7	175
157	7	175
158	7	175
159	7	275
160	7	175
161	7	175
162	7	175
163	7	175
164	7	175
165	7	175
166	7	175
167	7	175
168	7	175
169	7	175
170	7	175
171	7	175
172	7	175
173	7	175
174	7	300
175	7	300
176	7	300
177	7	300
178	7	300
179	7	300
180	7	300
181	7	300
182	7	300
183	7	175
184	7	175
185	7	175
186	7	175
187	7	175
188	7	175
189	7	175
190	7	175
191	7	175
192	7	175
193	7	175
194	7	175
195	7	175
196	7	175
197	7	175
198	7	175
199	7	175
200	7	175
201	7	300
202	7	175
203	7	175
204	7	175
205	7	300
206	7	300
207	7	300
208	7	300
209	7	175
210	7	300
211	7	300
212	7	300
213	7	175
214	7	175
215	7	175
216	7	175
217	7	175
218	7	175
219	7	175
220	7	175
221	7	175
222	7	175
223	7	175
224	7	175
225	7	175
226	7	175
227	7	175
228	7	200
229	7	175
230	7	175
231	7	175
232	7	175
233	7	175
234	7	175
235	7	175
236	7	300
237	7	300
238	7	300
239	7	300
240	7	300
241	7	300
242	7	300
243	7	175
244	7	175
245	7	175
246	7	175
247	7	175
248	7	175
249	7	175
250	7	175
251	7	175
252	7	175
253	7	175
254	7	175
255	7	175
256	7	175
257	7	175
258	7	175
259	7	175
260	7	175
261	7	175
262	7	175
263	7	175
264	7	175
265	7	175
266	7	300
267	7	300
268	7	300
269	7	300
270	7	300
271	7	175
272	7	175
273	7	175
274	7	175
275	7	175
276	7	175
277	7	175
278	7	175
279	7	175
280	7	175
281	7	175
282	7	175
283	7	175
284	7	175
285	7	175
286	7	175
287	7	175
288	7	175
289	7	175
290	7	175
291	7	175
292	7	175
293	7	300
294	7	300
295	7	300
296	7	300
297	7	300
298	7	175
299	7	175
300	7	175
301	7	175
302	7	175
303	7	175
304	7	175
305	7	175
306	7	175
307	7	175
308	7	175
309	7	175
310	7	175
311	7	175
312	7	175
313	7	175
314	7	175
315	7	175
316	7	175
317	7	260
318	7	300
319	7	300
320	7	300
321	7	300
322	7	300
323	7	175
324	7	175
325	7	175
326	7	175
327	7	175
328	7	175
329	7	175
330	7	175
331	7	300
332	7	175
333	7	175
334	7	175
335	7	175
336	7	175
337	7	175
338	7	175
339	7	175
340	7	175
341	7	175
342	7	300
343	7	300
344	7	300
345	7	300
346	7	300
347	7	300
348	7	300
349	7	175
350	7	175
351	7	175
352	7	175
353	7	175
354	7	175
355	7	175
356	7	300
357	7	200
358	7	300
359	7	175
360	7	175
361	7	175
362	7	175
363	7	175
364	7	175
365	7	175
366	7	175
367	7	300
368	7	300
369	7	300
370	7	300
371	7	175
372	7	175
373	7	175
374	7	175
375	7	175
376	7	175
377	7	175
378	7	300
379	7	300
380	7	300
381	7	175
382	7	175
383	7	175
384	7	175
385	7	175
386	7	300
387	7	300
388	7	300
389	7	300
390	7	300
391	7	175
392	7	175
393	7	175
394	7	175
395	7	175
396	7	175
397	7	300
398	7	175
399	7	300
400	7	300
401	7	175
402	7	175
403	7	175
404	7	175
405	7	300
406	7	300
407	7	300
408	7	300
409	7	300
410	7	175
411	7	175
412	7	175
413	7	175
414	7	300
415	7	300
416	7	175
417	7	175
418	7	175
419	7	175
420	7	175
421	7	175
422	7	175
423	7	300
424	7	300
425	7	300
426	7	200
427	7	300
428	7	300
429	7	300
430	7	300
431	7	175
432	7	175
433	7	300
434	7	175
435	7	175
436	7	175
437	7	175
438	7	300
439	7	300
440	7	300
441	7	300
442	7	300
443	7	300
444	7	300
445	7	300
446	7	175
447	7	175
448	7	175
449	7	175
450	7	175
451	7	300
452	7	300
453	7	300
454	7	300
455	7	175
456	7	175
457	7	175
458	7	275
459	7	300
460	7	175
461	7	175
462	7	175
463	7	300
464	7	300
465	7	175
466	7	175
467	7	300
468	7	300
469	7	175
470	7	175
471	7	300
472	7	300
2	8	350
3	8	350
4	8	350
5	8	350
6	8	200
7	8	350
9	8	200
10	8	200
11	8	200
12	8	200
13	8	200
14	8	200
15	8	200
16	8	350
17	8	250
18	8	200
19	8	200
20	8	200
21	8	200
22	8	200
23	8	200
24	8	200
25	8	350
26	8	350
27	8	350
28	8	350
29	8	350
30	8	350
31	8	200
32	8	200
33	8	200
34	8	200
35	8	200
36	8	200
37	8	275
38	8	350
39	8	350
40	8	350
41	8	350
42	8	350
43	8	350
44	8	350
45	8	200
46	8	200
47	8	200
48	8	200
49	8	200
50	8	275
51	8	350
52	8	350
53	8	350
54	8	200
55	8	200
56	8	200
57	8	200
58	8	200
59	8	200
60	8	200
61	8	350
62	8	350
63	8	350
64	8	350
65	8	350
66	8	350
67	8	350
68	8	200
69	8	200
70	8	200
71	8	200
72	8	200
73	8	200
74	8	350
75	8	350
76	8	350
77	8	350
78	8	350
79	8	350
80	8	350
81	8	350
82	8	200
83	8	200
84	8	350
85	8	350
86	8	350
87	8	350
88	8	350
89	8	350
90	8	350
91	8	350
92	8	350
93	8	350
94	8	200
95	8	200
96	8	200
97	8	350
98	8	350
99	8	350
100	8	200
101	8	200
102	8	200
103	8	200
104	8	200
105	8	325
106	8	350
107	8	350
108	8	350
109	8	350
110	8	350
111	8	200
112	8	200
113	8	200
114	8	200
115	8	200
116	8	325
117	8	200
118	8	200
119	8	200
120	8	200
121	8	200
122	8	200
123	8	350
124	8	350
125	8	350
126	8	200
127	8	200
128	8	350
129	8	350
132	8	200
133	8	200
134	8	200
135	8	200
136	8	200
137	8	200
138	8	200
139	8	200
140	8	200
141	8	200
142	8	200
143	8	200
144	8	200
145	8	200
146	8	200
147	8	200
148	8	200
149	8	200
150	8	275
151	8	350
152	8	350
153	8	350
155	8	350
156	8	200
157	8	200
158	8	200
159	8	325
160	8	200
161	8	200
162	8	200
163	8	200
164	8	200
165	8	200
166	8	200
167	8	200
168	8	200
169	8	200
170	8	200
171	8	200
172	8	200
173	8	200
174	8	350
175	8	350
176	8	350
177	8	350
178	8	350
179	8	350
180	8	350
181	8	350
182	8	350
183	8	200
184	8	200
185	8	200
186	8	200
187	8	200
188	8	200
189	8	200
190	8	200
191	8	200
192	8	200
193	8	200
194	8	200
195	8	200
196	8	200
197	8	200
198	8	200
199	8	200
200	8	200
201	8	350
202	8	200
203	8	200
204	8	200
205	8	350
206	8	350
207	8	350
208	8	350
209	8	200
210	8	350
211	8	350
212	8	350
213	8	200
214	8	200
215	8	200
216	8	200
217	8	200
218	8	200
219	8	200
220	8	200
221	8	200
222	8	200
223	8	200
224	8	200
225	8	200
226	8	200
227	8	200
228	8	250
229	8	200
230	8	200
231	8	200
232	8	200
233	8	200
234	8	200
235	8	200
236	8	350
237	8	350
238	8	350
239	8	350
240	8	350
241	8	350
242	8	350
243	8	200
244	8	200
245	8	200
246	8	200
247	8	200
248	8	200
249	8	200
250	8	200
251	8	200
252	8	200
253	8	200
254	8	200
255	8	200
256	8	200
257	8	200
258	8	200
259	8	200
260	8	200
261	8	200
262	8	200
263	8	200
264	8	200
265	8	200
266	8	350
267	8	350
268	8	350
269	8	350
270	8	350
271	8	225
272	8	200
273	8	200
274	8	200
275	8	200
276	8	200
277	8	200
278	8	200
279	8	200
280	8	200
281	8	200
282	8	200
283	8	200
284	8	200
285	8	200
286	8	200
287	8	200
288	8	200
289	8	200
290	8	200
291	8	200
292	8	200
293	8	350
294	8	350
295	8	350
296	8	350
297	8	350
298	8	200
299	8	200
300	8	200
301	8	200
302	8	200
303	8	200
304	8	200
305	8	200
306	8	200
307	8	200
308	8	200
309	8	200
310	8	200
311	8	200
312	8	200
313	8	200
314	8	200
315	8	200
316	8	200
317	8	310
318	8	350
319	8	350
320	8	350
321	8	350
322	8	350
323	8	200
324	8	200
325	8	200
326	8	200
327	8	200
328	8	200
329	8	200
330	8	200
331	8	350
332	8	200
333	8	200
334	8	200
335	8	200
336	8	200
337	8	200
338	8	200
339	8	200
340	8	200
341	8	200
342	8	350
343	8	350
344	8	350
345	8	350
346	8	350
347	8	350
348	8	350
349	8	200
350	8	200
351	8	200
352	8	200
353	8	200
354	8	200
355	8	200
356	8	350
357	8	250
358	8	350
359	8	200
360	8	200
361	8	200
362	8	200
363	8	200
364	8	200
365	8	200
366	8	200
367	8	350
368	8	350
369	8	350
370	8	350
371	8	200
372	8	200
373	8	200
374	8	200
375	8	200
376	8	200
377	8	200
378	8	350
379	8	350
380	8	350
381	8	200
382	8	200
383	8	200
384	8	200
385	8	200
386	8	350
387	8	350
388	8	350
389	8	350
390	8	350
391	8	200
392	8	200
393	8	200
394	8	200
395	8	200
396	8	200
397	8	350
398	8	200
399	8	350
400	8	350
401	8	200
402	8	200
403	8	200
404	8	200
405	8	350
406	8	350
407	8	350
408	8	350
409	8	350
410	8	200
411	8	200
412	8	200
413	8	200
414	8	350
415	8	350
416	8	200
417	8	200
418	8	200
419	8	200
420	8	200
421	8	200
422	8	200
423	8	350
424	8	350
425	8	350
426	8	250
427	8	350
428	8	350
429	8	350
430	8	350
431	8	225
432	8	200
433	8	350
434	8	200
435	8	200
436	8	200
437	8	200
438	8	350
439	8	350
440	8	350
441	8	350
442	8	350
443	8	350
444	8	350
445	8	350
446	8	200
447	8	200
448	8	200
449	8	200
450	8	200
451	8	350
452	8	350
453	8	350
454	8	350
455	8	200
456	8	200
457	8	200
458	8	325
459	8	350
460	8	200
461	8	200
462	8	200
463	8	350
464	8	350
465	8	200
466	8	200
467	8	350
468	8	350
469	8	200
470	8	200
471	8	350
472	8	350
2	9	400
3	9	400
4	9	400
5	9	400
6	9	225
7	9	400
9	9	225
10	9	225
11	9	225
12	9	225
13	9	225
14	9	225
15	9	225
16	9	400
17	9	300
18	9	225
19	9	225
20	9	225
21	9	225
22	9	225
23	9	225
24	9	225
25	9	400
26	9	400
27	9	400
28	9	400
29	9	400
30	9	400
31	9	225
32	9	225
33	9	225
34	9	225
35	9	225
36	9	225
37	9	325
38	9	400
39	9	400
40	9	400
41	9	400
42	9	400
43	9	400
44	9	400
45	9	225
46	9	225
47	9	225
48	9	225
49	9	225
50	9	325
51	9	400
52	9	400
53	9	400
54	9	225
55	9	225
56	9	225
57	9	225
58	9	225
59	9	225
60	9	225
61	9	400
62	9	400
63	9	400
64	9	400
65	9	400
66	9	400
67	9	400
68	9	225
69	9	225
70	9	225
71	9	225
72	9	225
73	9	225
74	9	400
75	9	400
76	9	400
77	9	400
78	9	400
79	9	400
80	9	400
81	9	400
82	9	225
83	9	225
84	9	400
85	9	400
86	9	400
87	9	400
88	9	400
89	9	400
90	9	400
91	9	400
92	9	400
93	9	400
94	9	225
95	9	225
96	9	225
97	9	400
98	9	400
99	9	400
100	9	225
101	9	225
102	9	225
103	9	225
104	9	225
105	9	375
106	9	400
107	9	400
108	9	400
109	9	400
110	9	400
111	9	225
112	9	225
113	9	225
114	9	225
115	9	225
116	9	375
117	9	225
118	9	225
119	9	225
120	9	225
121	9	225
122	9	225
123	9	400
124	9	400
125	9	400
126	9	225
127	9	225
128	9	400
129	9	400
132	9	225
133	9	225
134	9	225
135	9	225
136	9	225
137	9	225
138	9	225
139	9	225
140	9	225
141	9	225
142	9	225
143	9	225
144	9	225
145	9	225
146	9	225
147	9	225
148	9	225
149	9	225
150	9	325
151	9	400
152	9	400
153	9	400
155	9	400
156	9	225
157	9	225
158	9	225
159	9	375
160	9	225
161	9	225
162	9	225
163	9	225
164	9	225
165	9	225
166	9	225
167	9	225
168	9	225
169	9	225
170	9	225
171	9	225
172	9	225
173	9	225
174	9	400
175	9	400
176	9	400
177	9	400
178	9	400
179	9	400
180	9	400
181	9	400
182	9	400
183	9	225
184	9	225
185	9	225
186	9	225
187	9	225
188	9	225
189	9	225
190	9	225
191	9	225
192	9	225
193	9	225
194	9	225
195	9	225
196	9	225
197	9	225
198	9	225
199	9	225
200	9	225
201	9	400
202	9	225
203	9	225
204	9	225
205	9	400
206	9	400
207	9	400
208	9	400
209	9	225
210	9	400
211	9	400
212	9	400
213	9	225
214	9	225
215	9	225
216	9	225
217	9	225
218	9	225
219	9	225
220	9	225
221	9	225
222	9	225
223	9	225
224	9	225
225	9	225
226	9	225
227	9	225
228	9	300
229	9	225
230	9	225
231	9	225
232	9	225
233	9	225
234	9	225
235	9	225
236	9	400
237	9	400
238	9	400
239	9	400
240	9	400
241	9	400
242	9	400
243	9	225
244	9	225
245	9	225
246	9	225
247	9	225
248	9	225
249	9	225
250	9	225
251	9	225
252	9	225
253	9	225
254	9	225
255	9	225
256	9	225
257	9	225
258	9	225
259	9	225
260	9	225
261	9	225
262	9	225
263	9	225
264	9	225
265	9	225
266	9	400
267	9	400
268	9	400
269	9	400
270	9	400
271	9	275
272	9	225
273	9	225
274	9	225
275	9	225
276	9	225
277	9	225
278	9	225
279	9	225
280	9	225
281	9	225
282	9	225
283	9	225
284	9	225
285	9	225
286	9	225
287	9	225
288	9	225
289	9	225
290	9	225
291	9	225
292	9	225
293	9	400
294	9	400
295	9	400
296	9	400
297	9	400
298	9	225
299	9	225
300	9	225
301	9	225
302	9	225
303	9	225
304	9	225
305	9	225
306	9	225
307	9	225
308	9	225
309	9	225
310	9	225
311	9	225
312	9	225
313	9	225
314	9	225
315	9	225
316	9	225
317	9	360
318	9	400
319	9	400
320	9	400
321	9	400
322	9	400
323	9	225
324	9	225
325	9	225
326	9	225
327	9	225
328	9	225
329	9	225
330	9	225
331	9	400
332	9	225
333	9	225
334	9	225
335	9	225
336	9	225
337	9	225
338	9	225
339	9	225
340	9	225
341	9	225
342	9	400
343	9	400
344	9	400
345	9	400
346	9	400
347	9	400
348	9	400
349	9	225
350	9	225
351	9	225
352	9	225
353	9	225
354	9	225
355	9	225
356	9	400
357	9	300
358	9	400
359	9	225
360	9	225
361	9	225
362	9	225
363	9	225
364	9	225
365	9	225
366	9	225
367	9	400
368	9	400
369	9	400
370	9	400
371	9	225
372	9	225
373	9	225
374	9	225
375	9	225
376	9	225
377	9	225
378	9	400
379	9	400
380	9	400
381	9	225
382	9	225
383	9	225
384	9	225
385	9	225
386	9	400
387	9	400
388	9	400
389	9	400
390	9	400
391	9	225
392	9	225
393	9	225
394	9	225
395	9	225
396	9	225
397	9	400
398	9	225
399	9	400
400	9	400
401	9	225
402	9	225
403	9	225
404	9	225
405	9	400
406	9	400
407	9	400
408	9	400
409	9	400
410	9	225
411	9	225
412	9	225
413	9	225
414	9	400
415	9	400
416	9	225
417	9	225
418	9	250
419	9	225
420	9	225
421	9	225
422	9	225
423	9	400
424	9	400
425	9	400
426	9	300
427	9	400
428	9	400
429	9	400
430	9	400
431	9	275
432	9	225
433	9	400
434	9	225
435	9	225
436	9	225
437	9	225
438	9	400
439	9	400
440	9	400
441	9	400
442	9	400
443	9	400
444	9	400
445	9	400
446	9	225
447	9	225
448	9	225
449	9	225
450	9	225
451	9	400
452	9	400
453	9	400
454	9	400
455	9	225
456	9	225
457	9	225
458	9	375
459	9	400
460	9	225
461	9	225
462	9	225
463	9	400
464	9	400
465	9	225
466	9	225
467	9	400
468	9	400
469	9	225
470	9	225
471	9	400
472	9	400
2	10	450
3	10	450
4	10	450
5	10	450
6	10	250
7	10	450
9	10	250
10	10	250
11	10	250
12	10	250
13	10	250
14	10	250
15	10	250
16	10	450
17	10	350
18	10	250
19	10	250
20	10	250
21	10	250
22	10	250
23	10	250
24	10	250
25	10	450
26	10	450
27	10	450
28	10	450
29	10	450
30	10	450
31	10	250
32	10	250
33	10	250
34	10	250
35	10	250
36	10	250
37	10	375
38	10	450
39	10	450
40	10	450
41	10	450
42	10	450
43	10	450
44	10	450
45	10	250
46	10	250
47	10	250
48	10	250
49	10	250
50	10	375
51	10	450
52	10	450
53	10	450
54	10	250
55	10	250
56	10	250
57	10	250
58	10	250
59	10	250
60	10	250
61	10	450
62	10	450
63	10	450
64	10	450
65	10	450
66	10	450
67	10	450
68	10	250
69	10	250
70	10	250
71	10	250
72	10	250
73	10	250
74	10	450
75	10	450
76	10	450
77	10	450
78	10	450
79	10	450
80	10	450
81	10	450
82	10	250
83	10	250
84	10	450
85	10	450
86	10	450
87	10	450
88	10	450
89	10	450
90	10	450
91	10	450
92	10	450
93	10	450
94	10	250
95	10	250
96	10	250
97	10	450
98	10	450
99	10	450
100	10	250
101	10	250
102	10	250
103	10	250
104	10	250
105	10	425
106	10	450
107	10	450
108	10	450
109	10	450
110	10	450
111	10	250
112	10	250
113	10	250
114	10	250
115	10	250
116	10	425
117	10	250
118	10	250
119	10	250
120	10	250
121	10	250
122	10	250
123	10	450
124	10	450
125	10	450
126	10	250
127	10	250
128	10	450
129	10	450
132	10	250
133	10	250
134	10	250
135	10	250
136	10	250
137	10	250
138	10	250
139	10	250
140	10	250
141	10	250
142	10	250
143	10	250
144	10	250
145	10	250
146	10	250
147	10	250
148	10	250
149	10	275
150	10	375
151	10	450
152	10	450
153	10	450
155	10	450
156	10	250
157	10	250
158	10	250
159	10	425
160	10	250
161	10	250
162	10	250
163	10	250
164	10	250
165	10	250
166	10	250
167	10	250
168	10	250
169	10	250
170	10	250
171	10	250
172	10	250
173	10	250
174	10	450
175	10	450
176	10	450
177	10	450
178	10	450
179	10	450
180	10	450
181	10	450
182	10	450
183	10	250
184	10	250
185	10	250
186	10	250
187	10	250
188	10	250
189	10	250
190	10	250
191	10	250
192	10	250
193	10	250
194	10	250
195	10	250
196	10	250
197	10	250
198	10	250
199	10	250
200	10	250
201	10	450
202	10	250
203	10	250
204	10	250
205	10	450
206	10	450
207	10	450
208	10	450
209	10	250
210	10	450
211	10	450
212	10	450
213	10	250
214	10	250
215	10	250
216	10	250
217	10	250
218	10	250
219	10	250
220	10	250
221	10	250
222	10	250
223	10	250
224	10	250
225	10	250
226	10	250
227	10	250
228	10	350
229	10	250
230	10	250
231	10	250
232	10	250
233	10	250
234	10	250
235	10	250
236	10	450
237	10	450
238	10	450
239	10	450
240	10	450
241	10	450
242	10	450
243	10	250
244	10	250
245	10	250
246	10	250
247	10	250
248	10	250
249	10	250
250	10	250
251	10	250
252	10	250
253	10	250
254	10	250
255	10	250
256	10	250
257	10	250
258	10	250
259	10	250
260	10	275
261	10	250
262	10	250
263	10	250
264	10	250
265	10	250
266	10	450
267	10	450
268	10	450
269	10	450
270	10	450
271	10	325
272	10	250
273	10	250
274	10	250
275	10	250
276	10	250
277	10	250
278	10	250
279	10	250
280	10	250
281	10	250
282	10	250
283	10	250
284	10	250
285	10	250
286	10	250
287	10	250
288	10	250
289	10	250
290	10	250
291	10	250
292	10	250
293	10	450
294	10	450
295	10	450
296	10	450
297	10	450
298	10	275
299	10	250
300	10	250
301	10	250
302	10	250
303	10	250
304	10	250
305	10	250
306	10	250
307	10	250
308	10	250
309	10	250
310	10	250
311	10	250
312	10	250
313	10	250
314	10	250
315	10	250
316	10	250
317	10	410
318	10	450
319	10	450
320	10	450
321	10	450
322	10	450
323	10	250
324	10	250
325	10	250
326	10	250
327	10	250
328	10	250
329	10	250
330	10	250
331	10	450
332	10	250
333	10	250
334	10	250
335	10	250
336	10	250
337	10	250
338	10	250
339	10	250
340	10	250
341	10	250
342	10	450
343	10	450
344	10	450
345	10	450
346	10	450
347	10	450
348	10	450
349	10	250
350	10	250
351	10	250
352	10	250
353	10	250
354	10	250
355	10	250
356	10	450
357	10	350
358	10	450
359	10	250
360	10	250
361	10	250
362	10	250
363	10	250
364	10	250
365	10	250
366	10	250
367	10	450
368	10	450
369	10	450
370	10	450
371	10	250
372	10	250
373	10	250
374	10	250
375	10	250
376	10	250
377	10	250
378	10	450
379	10	450
380	10	450
381	10	250
382	10	250
383	10	250
384	10	250
385	10	250
386	10	450
387	10	450
388	10	450
389	10	450
390	10	450
391	10	250
392	10	250
393	10	250
394	10	250
395	10	250
396	10	250
397	10	450
398	10	250
399	10	450
400	10	450
401	10	250
402	10	250
403	10	250
404	10	250
405	10	450
406	10	450
407	10	450
408	10	450
409	10	450
410	10	250
411	10	250
412	10	250
413	10	250
414	10	450
415	10	450
416	10	250
417	10	250
418	10	300
419	10	250
420	10	250
421	10	250
422	10	250
423	10	450
424	10	450
425	10	450
426	10	350
427	10	450
428	10	450
429	10	450
430	10	450
431	10	325
432	10	250
433	10	450
434	10	250
435	10	250
436	10	250
437	10	250
438	10	450
439	10	450
440	10	450
441	10	450
442	10	450
443	10	450
444	10	450
445	10	450
446	10	250
447	10	250
448	10	250
449	10	250
450	10	250
451	10	450
452	10	450
453	10	450
454	10	450
455	10	250
456	10	250
457	10	250
458	10	425
459	10	450
460	10	250
461	10	250
462	10	250
463	10	450
464	10	450
465	10	250
466	10	250
467	10	450
468	10	450
469	10	250
470	10	250
471	10	450
472	10	450
