2	1	1	0.9966729283
3	1	1	0.996745348
4	1	1	0.9966848493
5	1	1	0.9966723323
6	1	1	0.9966737032
7	1	1	0.9966955185
9	1	1	0.9967415929
10	1	1	0.9967167974
11	1	1	0.9967176318
12	1	1	0.9966872334
13	1	1	0.9967041612
14	1	1	0.9966879487
15	1	1	0.9967290759
16	1	1	0.9966093302
17	1	1	0.9967302084
18	1	1	0.9967742562
19	1	1	0.9967327714
20	1	1	0.9966056347
21	1	1	0.9966368675
22	1	1	0.9966244698
23	1	1	0.9966364503
24	1	1	0.9966973662
25	1	1	0.9967010617
26	1	1	0.9967032075
27	1	1	0.9967173934
28	1	1	0.9966978431
29	1	1	0.9967034459
30	1	1	0.9967363477
31	1	1	0.996727407
32	1	1	0.9967041612
33	1	1	0.9965900779
34	1	1	0.9966726303
35	1	1	0.9967276454
36	1	1	0.9966125488
37	1	1	0.9966364503
38	1	1	0.99661237
39	1	1	0.9966347814
40	1	1	0.9965762496
41	1	1	0.9967130423
42	1	1	0.9967042804
43	1	1	0.9967167974
44	1	1	0.9966366887
45	1	1	0.9966343641
46	1	1	0.9965877533
47	1	1	0.9966729879
48	1	1	0.9966401458
49	1	1	0.9967039824
50	1	1	0.9966057539
51	1	1	0.9966920614
52	1	1	0.9966776967
53	1	1	0.9964751005
54	1	1	0.9966750145
55	1	1	0.9966156483
56	1	1	0.9966151714
57	1	1	0.9967158437
58	1	1	0.9965923429
59	1	1	0.9967182279
60	1	1	0.996604681
61	1	1	0.9967114925
62	1	1	0.9966223836
63	1	1	0.9966720939
64	1	1	0.996575892
65	1	1	0.9966224432
66	1	1	0.9965045452
67	1	1	0.9964885712
68	1	1	0.9966721535
69	1	1	0.9965507984
70	1	1	0.9964807034
71	1	1	0.9965679646
72	1	1	0.9965746403
73	1	1	0.9966678023
74	1	1	0.9966136217
75	1	1	0.9967182279
76	1	1	0.9966900945
77	1	1	0.9965915084
78	1	1	0.9965903759
79	1	1	0.9965993762
80	1	1	0.9965273142
81	1	1	0.9965313077
82	1	1	0.9965291023
83	1	1	0.9964104891
84	1	1	0.9965519309
85	1	1	0.9965184331
86	1	1	0.9965665936
87	1	1	0.9965290427
88	1	1	0.9965416789
89	1	1	0.9965715408
90	1	1	0.996537447
91	1	1	0.9966299534
92	1	1	0.9966834188
93	1	1	0.996675849
94	1	1	0.9965769649
95	1	1	0.9965469241
96	1	1	0.9963713288
97	1	1	0.9963761568
98	1	1	0.9965663552
99	1	1	0.9963343143
100	1	1	0.996391356
101	1	1	0.9962388277
102	1	1	0.9965225458
103	1	1	0.9965813756
104	1	1	0.9963821769
105	1	1	0.9964451194
106	1	1	0.9964345694
107	1	1	0.9966164827
108	1	1	0.9965606928
109	1	1	0.9966510534
110	1	1	0.9967048764
111	1	1	0.9965667725
112	1	1	0.9965462089
113	1	1	0.9965638518
114	1	1	0.9964311123
115	1	1	0.9960903525
116	1	1	0.9958963394
117	1	1	0.9960060716
118	1	1	0.9960209727
119	1	1	0.9953180552
120	1	1	0.9960368872
121	1	1	0.9955176115
122	1	1	0.9961675406
123	1	1	0.9961205125
124	1	1	0.9964132905
125	1	1	0.9965507984
126	1	1	0.9965846539
127	1	1	0.9965727925
128	1	1	0.9966220856
129	1	1	0.9967112541
132	1	1	0.9966439009
133	1	1	0.9965587258
134	1	1	0.9966076612
135	1	1	0.9966257215
136	1	1	0.9965230823
137	1	1	0.9961678386
138	1	1	0.9962847829
139	1	1	0.9953312874
140	1	1	0.9955071211
141	1	1	0.9947721362
142	1	1	0.994484365
143	1	1	0.9953436255
144	1	1	0.9952706099
145	1	1	0.995667398
146	1	1	0.9959020615
147	1	1	0.9961364865
148	1	1	0.9966019392
149	1	1	0.9963166714
150	1	1	0.9966093898
151	1	1	0.9965142012
152	1	1	0.9966360331
153	1	1	0.9966812134
155	1	1	0.9967065454
156	1	1	0.9966954589
157	1	1	0.9964936376
158	1	1	0.9965147972
159	1	1	0.9965372682
160	1	1	0.9959073663
161	1	1	0.9951085448
162	1	1	0.9955680966
163	1	1	0.9946612716
164	1	1	0.9945040345
165	1	1	0.9936869144
166	1	1	0.9913542867
167	1	1	0.9946842194
168	1	1	0.9942699075
169	1	1	0.9946188927
170	1	1	0.9957411885
171	1	1	0.995590806
172	1	1	0.9960952997
173	1	1	0.9965534806
174	1	1	0.9964651465
175	1	1	0.9965462685
176	1	1	0.9965783358
177	1	1	0.996568799
178	1	1	0.9966369867
179	1	1	0.9967531562
180	1	1	0.9966676235
181	1	1	0.9966310859
182	1	1	0.9966022372
183	1	1	0.9966211915
184	1	1	0.9964916706
185	1	1	0.9959983826
186	1	1	0.9950377345
187	1	1	0.9951987863
188	1	1	0.994861722
189	1	1	0.9924689531
190	1	1	0.9927200675
191	1	1	0.9925460219
192	1	1	0.9781305194
193	1	1	0.9926151633
194	1	1	0.9931082726
195	1	1	0.9917733073
196	1	1	0.9942045808
197	1	1	0.9949632287
198	1	1	0.9949439168
199	1	1	0.9958333969
200	1	1	0.9964601994
201	1	1	0.9966132641
202	1	1	0.9965595007
203	1	1	0.9966041446
204	1	1	0.9966887832
205	1	1	0.9967209697
206	1	1	0.9967010021
207	1	1	0.9966905117
208	1	1	0.996782124
209	1	1	0.996818006
210	1	1	0.9966343641
211	1	1	0.9966487288
212	1	1	0.9966950417
213	1	1	0.9964191318
214	1	1	0.9962317944
215	1	1	0.9960910082
216	1	1	0.9952074885
217	1	1	0.9942687154
218	1	1	0.9921717644
219	1	1	0.9780520201
220	1	1	0.9789890647
221	1	1	0.9827142954
222	1	1	0.9789525867
223	1	1	0.980265379
224	1	1	0.9808319807
225	1	1	0.9809454679
226	1	1	0.991671443
227	1	1	0.9944455028
228	1	1	0.9953681827
229	1	1	0.9957634211
230	1	1	0.99600631
231	1	1	0.996539712
232	1	1	0.9965005517
233	1	1	0.9966110587
234	1	1	0.9965887666
235	1	1	0.9966615438
236	1	1	0.9967407584
237	1	1	0.9966427684
238	1	1	0.9967346191
239	1	1	0.9967929721
240	1	1	0.9965705276
241	1	1	0.9965108633
242	1	1	0.9965171814
243	1	1	0.9964457154
244	1	1	0.9960739613
245	1	1	0.9954274893
246	1	1	0.9945969582
247	1	1	0.9924418926
248	1	1	0.9796327949
249	1	1	0.9782003164
250	1	1	0.9669254422
251	1	1	0.9720838666
252	1	1	0.9731060863
253	1	1	0.9590053558
254	1	1	0.9785714149
255	1	1	0.9869724512
256	1	1	0.9913460612
257	1	1	0.9940866232
258	1	1	0.9942854047
259	1	1	0.9954184294
260	1	1	0.9961552024
261	1	1	0.9963436127
262	1	1	0.9964936972
263	1	1	0.9965731502
264	1	1	0.9965362549
265	1	1	0.9966670871
266	1	1	0.9966575503
267	1	1	0.996709764
268	1	1	0.9967375398
269	1	1	0.9966126084
270	1	1	0.9965589046
271	1	1	0.9966050386
272	1	1	0.9963739514
273	1	1	0.9958268404
274	1	1	0.9954004884
275	1	1	0.9946853518
276	1	1	0.9922776818
277	1	1	0.9814655185
278	1	1	0.9666666985
279	1	1	0.978484869
280	1	1	0.9757403135
281	1	1	0.9741818309
282	1	1	0.9776260257
283	1	1	0.9838758707
284	1	1	0.9915576577
285	1	1	0.9937112331
286	1	1	0.9919312
287	1	1	0.9942732453
288	1	1	0.9949273467
289	1	1	0.9960535169
290	1	1	0.9963976145
291	1	1	0.9965623021
292	1	1	0.99698174
293	1	1	0.9966468811
294	1	1	0.9966870546
295	1	1	0.9966663718
296	1	1	0.9966527224
297	1	1	0.996657908
298	1	1	0.9964442253
299	1	1	0.9959221482
300	1	1	0.9951693416
301	1	1	0.9935123324
302	1	1	0.9924081564
303	1	1	0.9828336239
304	1	1	0.961463213
305	1	1	0.9880135059
306	1	1	0.9826829433
307	1	1	0.9722294807
308	1	1	0.9701680541
309	1	1	0.9769978523
310	1	1	0.9605822563
311	1	1	0.9834023118
312	1	1	0.9930897355
313	1	1	0.9940713644
314	1	1	0.9951328039
315	1	1	0.9960210919
316	1	1	0.9964986444
317	1	1	0.9966318607
318	1	1	0.9966142774
319	1	1	0.9966292381
320	1	1	0.9965888262
321	1	1	0.9966521263
322	1	1	0.9966995716
323	1	1	0.9965512753
324	1	1	0.9959857464
325	1	1	0.9950277209
326	1	1	0.9934975505
327	1	1	0.9917849302
328	1	1	0.9815052748
329	1	1	0.959264338
330	1	1	0.9455242753
331	1	1	0.9004672766
332	1	1	0.9809651375
333	1	1	0.9926424623
334	1	1	0.9946116805
335	1	1	0.9929189086
336	1	1	0.9899195433
337	1	1	0.9803026915
338	1	1	0.9927321672
339	1	1	0.9947202802
340	1	1	0.9954460263
341	1	1	0.9964182377
342	1	1	0.9965350628
343	1	1	0.9964274168
344	1	1	0.9965925217
345	1	1	0.9966924787
346	1	1	0.9966057539
347	1	1	0.9966416955
348	1	1	0.9964455366
349	1	1	0.9964872003
350	1	1	0.9962694049
351	1	1	0.9952437878
352	1	1	0.9943405986
353	1	1	0.9932637215
354	1	1	0.9805469513
355	1	1	0.9694842696
356	1	1	0.9228790402
357	1	1	0.861204505
358	1	1	0.8829670548
359	1	1	0.960773468
360	1	1	0.9830008149
361	1	1	0.9874336123
362	1	1	0.9948982
363	1	1	0.9955006242
364	1	1	0.994027257
365	1	1	0.994959116
366	1	1	0.9959957004
367	1	1	0.9965242147
368	1	1	0.9964621067
369	1	1	0.9966439605
370	1	1	0.9965565205
371	1	1	0.9963883758
372	1	1	0.9961337447
373	1	1	0.9953834414
374	1	1	0.9948812723
375	1	1	0.9913950562
376	1	1	0.978640914
377	1	1	0.9758229256
378	1	1	0.9153270125
379	1	1	0.9129442573
380	1	1	0.9227303267
381	1	1	0.924023211
382	1	1	0.9277966022
383	1	1	0.9579846859
384	1	1	0.9776696563
385	1	1	0.9916531444
386	1	1	0.9940034151
387	1	1	0.9950349927
388	1	1	0.9958428741
389	1	1	0.9965264201
390	1	1	0.9966115355
391	1	1	0.9965080619
392	1	1	0.9964834452
393	1	1	0.9950504303
394	1	1	0.9941045642
395	1	1	0.9921424985
396	1	1	0.9921703339
397	1	1	0.9798697233
398	1	1	0.9638075829
399	1	1	0.9597429633
400	1	1	0.9584808946
401	1	1	0.9618090987
402	1	1	0.9798675179
403	1	1	0.9926243424
404	1	1	0.9924286008
405	1	1	0.9944474101
406	1	1	0.9953628182
407	1	1	0.9971420765
408	1	1	0.9965697527
409	1	1	0.9964557886
410	1	1	0.9963249564
411	1	1	0.9960682392
412	1	1	0.9952296615
413	1	1	0.9941396117
414	1	1	0.9920921922
415	1	1	0.9926662445
416	1	1	0.9805397391
417	1	1	0.9804033637
418	1	1	0.9798543453
419	1	1	0.9795311093
420	1	1	0.9919667244
421	1	1	0.9917616844
422	1	1	0.9939427376
423	1	1	0.9953401089
424	1	1	0.996106267
425	1	1	0.9963881373
426	1	1	0.9964025617
427	1	1	0.9964305162
428	1	1	0.9967128038
429	1	1	0.9966853857
430	1	1	0.9964274764
431	1	1	0.9962330461
432	1	1	0.9952508211
433	1	1	0.9954978824
434	1	1	0.9943745732
435	1	1	0.992565155
436	1	1	0.9913567901
437	1	1	0.992495358
438	1	1	0.9918897748
439	1	1	0.9918626547
440	1	1	0.9923847914
441	1	1	0.9915043712
442	1	1	0.9943348765
443	1	1	0.9950140715
444	1	1	0.9950024486
445	1	1	0.9958882928
446	1	1	0.9965907931
447	1	1	0.99627316
448	1	1	0.9956359267
449	1	1	0.9945913553
450	1	1	0.9944313765
451	1	1	0.9945960641
452	1	1	0.9943823218
453	1	1	0.994037807
454	1	1	0.9964190722
455	1	1	0.9962274432
456	1	1	0.9955269098
457	1	1	0.9955863953
458	1	1	0.9956397414
459	1	1	0.9955275059
460	1	1	0.9962853193
461	1	1	0.9963252544
462	1	1	0.9961878061
463	1	1	0.9959722757
464	1	1	0.9959816337
465	1	1	0.9964169264
466	1	1	0.9964165688
467	1	1	0.9963486791
468	1	1	0.9964105487
469	1	1	0.996470511
470	1	1	0.9965873361
471	1	1	0.996468842
472	1	1	0.9965366125
2	1	2	0.9933569431
3	1	2	0.9935013056
4	1	2	0.9933806658
5	1	2	0.993355751
6	1	2	0.9933584929
7	1	2	0.9934020042
9	1	2	0.993493855
10	1	2	0.9934443831
11	1	2	0.9934459925
12	1	2	0.9933854938
13	1	2	0.9934191704
14	1	2	0.9933868647
15	1	2	0.9934688807
16	1	2	0.9932301641
17	1	2	0.993471086
18	1	2	0.9935588837
19	1	2	0.9934761524
20	1	2	0.9932228327
21	1	2	0.9932850599
22	1	2	0.9932602644
23	1	2	0.9932841659
24	1	2	0.9934056401
25	1	2	0.9934130311
26	1	2	0.993417263
27	1	2	0.9934455752
28	1	2	0.9934066534
29	1	2	0.9934177399
30	1	2	0.993483305
31	1	2	0.9934654832
32	1	2	0.9934191704
33	1	2	0.9931917787
34	1	2	0.9933563471
35	1	2	0.9934660196
36	1	2	0.9932365417
37	1	2	0.9932841659
38	1	2	0.9932362437
39	1	2	0.993280828
40	1	2	0.9931641817
41	1	2	0.993436873
42	1	2	0.9934194684
43	1	2	0.9934443831
44	1	2	0.9932846427
45	1	2	0.9932799935
46	1	2	0.9931871295
47	1	2	0.9933571219
48	1	2	0.9932915568
49	1	2	0.9934188128
50	1	2	0.9932230115
51	1	2	0.9933950305
52	1	2	0.9933664799
53	1	2	0.9929626584
54	1	2	0.9933611155
55	1	2	0.993242681
56	1	2	0.993241787
57	1	2	0.9934424162
58	1	2	0.993196249
59	1	2	0.9934472442
60	1	2	0.9932209253
61	1	2	0.9934337735
62	1	2	0.9932562113
63	1	2	0.9933552742
64	1	2	0.9931635857
65	1	2	0.9932562709
66	1	2	0.9930212498
67	1	2	0.9929894805
68	1	2	0.9933553934
69	1	2	0.9931135178
70	1	2	0.9929738045
71	1	2	0.9931477308
72	1	2	0.9931610227
73	1	2	0.9933466911
74	1	2	0.9932386875
75	1	2	0.9934472442
76	1	2	0.9933911562
77	1	2	0.9931946397
78	1	2	0.9931923151
79	1	2	0.9932103157
80	1	2	0.9930666089
81	1	2	0.9930747151
82	1	2	0.9930702448
83	1	2	0.9928338528
84	1	2	0.9931157231
85	1	2	0.9930489659
86	1	2	0.9931450486
87	1	2	0.9930701256
88	1	2	0.9930952787
89	1	2	0.9931548238
90	1	2	0.9930868745
91	1	2	0.9932712913
92	1	2	0.9933778644
93	1	2	0.9933627248
94	1	2	0.9931656718
95	1	2	0.9931058288
96	1	2	0.9927558303
97	1	2	0.992765367
98	1	2	0.9931444526
99	1	2	0.9926820993
100	1	2	0.9927957654
101	1	2	0.9924918413
102	1	2	0.9930571914
103	1	2	0.9931744933
104	1	2	0.9927774072
105	1	2	0.9929028749
106	1	2	0.9928817749
107	1	2	0.99324435
108	1	2	0.9931332469
109	1	2	0.9933133125
110	1	2	0.9934206009
111	1	2	0.993145287
112	1	2	0.993104279
113	1	2	0.9931395054
114	1	2	0.9928749204
115	1	2	0.9921959639
116	1	2	0.9918094873
117	1	2	0.9920280576
118	1	2	0.9920577407
119	1	2	0.9906580448
120	1	2	0.9920894504
121	1	2	0.9910553098
122	1	2	0.9923498034
123	1	2	0.9922560453
124	1	2	0.9928395152
125	1	2	0.9931135178
126	1	2	0.9931809902
127	1	2	0.9931573272
128	1	2	0.9932556152
129	1	2	0.9934332967
132	1	2	0.993299067
133	1	2	0.9931293726
134	1	2	0.9932267666
135	1	2	0.9932628274
136	1	2	0.9930582643
137	1	2	0.9923503399
138	1	2	0.9925833941
139	1	2	0.9906843305
140	1	2	0.9910344481
141	1	2	0.989571631
142	1	2	0.9889991879
143	1	2	0.9907089472
144	1	2	0.9905635715
145	1	2	0.9913535714
146	1	2	0.9918209314
147	1	2	0.9922879338
148	1	2	0.9932153821
149	1	2	0.992646873
150	1	2	0.9932302833
151	1	2	0.9930405021
152	1	2	0.9932833314
153	1	2	0.993373394
155	1	2	0.9934238791
156	1	2	0.993401885
157	1	2	0.9929995537
158	1	2	0.9930417538
159	1	2	0.9930865169
160	1	2	0.9918314815
161	1	2	0.9902410507
162	1	2	0.9911558032
163	1	2	0.9893510938
164	1	2	0.989038229
165	1	2	0.9874136448
166	1	2	0.9827833772
167	1	2	0.9893966913
168	1	2	0.9885725975
169	1	2	0.9892666936
170	1	2	0.9915004969
171	1	2	0.9912011027
172	1	2	0.9922057986
173	1	2	0.9931188226
174	1	2	0.9929428101
175	1	2	0.9931044579
176	1	2	0.9931684136
177	1	2	0.9931493998
178	1	2	0.993285358
179	1	2	0.9935168624
180	1	2	0.9933463931
181	1	2	0.9932735562
182	1	2	0.9932159781
183	1	2	0.9932538271
184	1	2	0.9929956794
185	1	2	0.9920127392
186	1	2	0.9901000857
187	1	2	0.9904206395
188	1	2	0.9897497892
189	1	2	0.9849945903
190	1	2	0.9854931831
191	1	2	0.9851475954
192	1	2	0.9567393661
193	1	2	0.9852848649
194	1	2	0.9862639904
195	1	2	0.9836143255
196	1	2	0.988442719
197	1	2	0.9899517894
198	1	2	0.9899134636
199	1	2	0.9916841984
200	1	2	0.9929329157
201	1	2	0.9932379723
202	1	2	0.9931308031
203	1	2	0.9932198524
204	1	2	0.993388474
205	1	2	0.9934526682
206	1	2	0.9934128523
207	1	2	0.9933919311
208	1	2	0.9935745597
209	1	2	0.9936460853
210	1	2	0.9932800531
211	1	2	0.993308723
212	1	2	0.9934010506
213	1	2	0.9928510785
214	1	2	0.992477715
215	1	2	0.9921973348
216	1	2	0.9904379249
217	1	2	0.9885702729
218	1	2	0.9844047427
219	1	2	0.9565857053
220	1	2	0.9584195614
221	1	2	0.9657274485
222	1	2	0.958348155
223	1	2	0.9609202743
224	1	2	0.962031424
225	1	2	0.9622539878
226	1	2	0.9834123254
227	1	2	0.9889218211
228	1	2	0.990757823
229	1	2	0.9915447831
230	1	2	0.992028594
231	1	2	0.9930914044
232	1	2	0.9930133224
233	1	2	0.9932335615
234	1	2	0.9931891561
235	1	2	0.9933342338
236	1	2	0.9934921861
237	1	2	0.993296802
238	1	2	0.9934799075
239	1	2	0.9935961962
240	1	2	0.9931527376
241	1	2	0.9930339456
242	1	2	0.9930465221
243	1	2	0.9929041266
244	1	2	0.9921633601
245	1	2	0.9908758402
246	1	2	0.9892231226
247	1	2	0.9849409461
248	1	2	0.959680438
249	1	2	0.9568758607
250	1	2	0.9349448681
251	1	2	0.9449470639
252	1	2	0.9469354153
253	1	2	0.9196912646
254	1	2	0.9576020241
255	1	2	0.9741146564
256	1	2	0.9827669859
257	1	2	0.9882082343
258	1	2	0.9886034131
259	1	2	0.9908578396
260	1	2	0.9923251867
261	1	2	0.9927005172
262	1	2	0.9929996729
263	1	2	0.993158102
264	1	2	0.9930844903
265	1	2	0.9933452606
266	1	2	0.9933263063
267	1	2	0.9934303164
268	1	2	0.9934856892
269	1	2	0.993236661
270	1	2	0.9931296706
271	1	2	0.993221581
272	1	2	0.9927610159
273	1	2	0.9916710854
274	1	2	0.9908221364
275	1	2	0.9893989563
276	1	2	0.9846150279
277	1	2	0.9632745385
278	1	2	0.9344444275
279	1	2	0.9574326277
280	1	2	0.9520691633
281	1	2	0.9490302205
282	1	2	0.9557526708
283	1	2	0.9680116773
284	1	2	0.9831866026
285	1	2	0.9874620438
286	1	2	0.9839275479
287	1	2	0.9885792136
288	1	2	0.9898805022
289	1	2	0.9921226501
290	1	2	0.9928081632
291	1	2	0.9931364059
292	1	2	0.9939725399
293	1	2	0.9933050275
294	1	2	0.9933850765
295	1	2	0.9933438301
296	1	2	0.9933166504
297	1	2	0.993326962
298	1	2	0.9929010272
299	1	2	0.9918609262
300	1	2	0.9903619885
301	1	2	0.9870667458
302	1	2	0.9848739505
303	1	2	0.9659619927
304	1	2	0.9244115353
305	1	2	0.9761706591
306	1	2	0.9656657577
307	1	2	0.9452301264
308	1	2	0.9412260652
309	1	2	0.9545247555
310	1	2	0.9227182269
311	1	2	0.9670800567
312	1	2	0.9862272143
313	1	2	0.9881778955
314	1	2	0.9902892709
315	1	2	0.9920580387
316	1	2	0.9930095673
317	1	2	0.9932749867
318	1	2	0.9932399988
319	1	2	0.9932698607
320	1	2	0.9931892753
321	1	2	0.9933155179
322	1	2	0.9934099913
323	1	2	0.9931144118
324	1	2	0.991987586
325	1	2	0.9900801778
326	1	2	0.9870374203
327	1	2	0.9836373329
328	1	2	0.9633526206
329	1	2	0.9201880693
330	1	2	0.8940162063
331	1	2	0.8108413219
332	1	2	0.9622926116
333	1	2	0.9853391051
334	1	2	0.9892523885
335	1	2	0.9858878851
336	1	2	0.9799407125
337	1	2	0.9609933496
338	1	2	0.9855171442
339	1	2	0.9894685149
340	1	2	0.9909127951
341	1	2	0.99284935
342	1	2	0.9930821657
343	1	2	0.9928676486
344	1	2	0.9931966066
345	1	2	0.9933959246
346	1	2	0.9932230115
347	1	2	0.9932946563
348	1	2	0.9929037094
349	1	2	0.9929866791
350	1	2	0.9925526977
351	1	2	0.9905102253
352	1	2	0.9887132645
353	1	2	0.9865727425
354	1	2	0.9614723325
355	1	2	0.939899683
356	1	2	0.85170573
357	1	2	0.7416732311
358	1	2	0.7796307802
359	1	2	0.9230856895
360	1	2	0.9662905931
361	1	2	0.975025177
362	1	2	0.9898224473
363	1	2	0.9910215139
364	1	2	0.9880901575
365	1	2	0.9899436235
366	1	2	0.9920073748
367	1	2	0.9930604696
368	1	2	0.9929367304
369	1	2	0.9932992458
370	1	2	0.9931249022
371	1	2	0.9927897453
372	1	2	0.9922824502
373	1	2	0.990788281
374	1	2	0.9897887707
375	1	2	0.9828641415
376	1	2	0.9577380419
377	1	2	0.9522303939
378	1	2	0.8378235102
379	1	2	0.8334672451
380	1	2	0.8514312506
381	1	2	0.8538188934
382	1	2	0.8608065248
383	1	2	0.917734623
384	1	2	0.9558379054
385	1	2	0.9833759665
386	1	2	0.9880427718
387	1	2	0.9900946021
388	1	2	0.9917029738
389	1	2	0.9930648804
390	1	2	0.9932345748
391	1	2	0.9930282831
392	1	2	0.9929792881
393	1	2	0.9901253581
394	1	2	0.9882439375
395	1	2	0.9843467474
396	1	2	0.9844020009
397	1	2	0.9601446986
398	1	2	0.928925097
399	1	2	0.9211065769
400	1	2	0.9186855555
401	1	2	0.9250767827
402	1	2	0.9601404071
403	1	2	0.9853030443
404	1	2	0.9849145412
405	1	2	0.9889256358
406	1	2	0.9907471538
407	1	2	0.9942923188
408	1	2	0.9931513071
409	1	2	0.9929240942
410	1	2	0.9926633835
411	1	2	0.9921519756
412	1	2	0.9904820323
413	1	2	0.9883134961
414	1	2	0.9842469096
415	1	2	0.985386312
416	1	2	0.9614581466
417	1	2	0.9611907005
418	1	2	0.9601145387
419	1	2	0.9594811797
420	1	2	0.9839980006
421	1	2	0.9835912585
422	1	2	0.9879221916
423	1	2	0.9907019138
424	1	2	0.9922277331
425	1	2	0.9927892685
426	1	2	0.9928180575
427	1	2	0.9928737879
428	1	2	0.9934363961
429	1	2	0.9933817387
430	1	2	0.9928677678
431	1	2	0.992480278
432	1	2	0.9905242324
433	1	2	0.9910160303
434	1	2	0.9887807965
435	1	2	0.9851856232
436	1	2	0.9827882648
437	1	2	0.9850470424
438	1	2	0.9838453531
439	1	2	0.9837915301
440	1	2	0.9848275781
441	1	2	0.9830809236
442	1	2	0.98870188
443	1	2	0.9900530577
444	1	2	0.9900298715
445	1	2	0.9917935133
446	1	2	0.9931931496
447	1	2	0.9925601482
448	1	2	0.9912908673
449	1	2	0.9892120361
450	1	2	0.9888937473
451	1	2	0.9892213345
452	1	2	0.9887962341
453	1	2	0.9881111383
454	1	2	0.9928510189
455	1	2	0.9924690723
456	1	2	0.9910738468
457	1	2	0.9911922216
458	1	2	0.9912984967
459	1	2	0.9910750985
460	1	2	0.9925844669
461	1	2	0.9926640987
462	1	2	0.9923901558
463	1	2	0.9919607639
464	1	2	0.9919793606
465	1	2	0.9928466678
466	1	2	0.9928460121
467	1	2	0.9927107096
468	1	2	0.9928340316
469	1	2	0.9929534197
470	1	2	0.9931863546
471	1	2	0.9929501414
472	1	2	0.9930852652
2	1	3	0.9900519848
3	1	3	0.9902678132
4	1	3	0.9900874496
5	1	3	0.9900501966
6	1	3	0.9900543094
7	1	3	0.990119338
9	1	3	0.9902566671
10	1	3	0.9901826978
11	1	3	0.990185082
12	1	3	0.9900946617
13	1	3	0.9901450276
14	1	3	0.9900967479
15	1	3	0.9902193546
16	1	3	0.989862442
17	1	3	0.9902226329
18	1	3	0.9903539419
19	1	3	0.9902302027
20	1	3	0.9898514748
21	1	3	0.9899445176
22	1	3	0.9899075031
23	1	3	0.9899432063
24	1	3	0.9901247621
25	1	3	0.9901357889
26	1	3	0.9901421666
27	1	3	0.9901844859
28	1	3	0.9901262522
29	1	3	0.9901428819
30	1	3	0.9902409315
31	1	3	0.9902142882
32	1	3	0.9901450276
33	1	3	0.9898050427
34	1	3	0.9900511503
35	1	3	0.9902150631
36	1	3	0.9898720384
37	1	3	0.9899432063
38	1	3	0.9898715019
39	1	3	0.9899381995
40	1	3	0.9897638559
41	1	3	0.9901714921
42	1	3	0.9901453853
43	1	3	0.9901827574
44	1	3	0.989943862
45	1	3	0.9899369478
46	1	3	0.9897981286
47	1	3	0.9900522232
48	1	3	0.9899542332
49	1	3	0.9901444912
50	1	3	0.9898517132
51	1	3	0.9901089072
52	1	3	0.9900662303
53	1	3	0.9894626141
54	1	3	0.9900581837
55	1	3	0.9898812175
56	1	3	0.9898798466
57	1	3	0.9901797771
58	1	3	0.9898117781
59	1	3	0.9901869893
60	1	3	0.9898486733
61	1	3	0.9901668429
62	1	3	0.9899013638
63	1	3	0.9900494814
64	1	3	0.9897629023
65	1	3	0.9899014831
66	1	3	0.9895501733
67	1	3	0.9895026684
68	1	3	0.9900496602
69	1	3	0.9896880388
70	1	3	0.9894791842
71	1	3	0.9897392392
72	1	3	0.989759028
73	1	3	0.9900366664
74	1	3	0.989875257
75	1	3	0.9901869297
76	1	3	0.9901031256
77	1	3	0.9898093343
78	1	3	0.9898058772
79	1	3	0.9898327589
80	1	3	0.9896180034
81	1	3	0.9896300435
82	1	3	0.9896233678
83	1	3	0.9892700911
84	1	3	0.9896913171
85	1	3	0.9895916581
86	1	3	0.9897351861
87	1	3	0.989623189
88	1	3	0.9896607995
89	1	3	0.9897498488
90	1	3	0.9896482229
91	1	3	0.9899238944
92	1	3	0.9900832772
93	1	3	0.9900606275
94	1	3	0.9897660613
95	1	3	0.9896765351
96	1	3	0.9891534448
97	1	3	0.9891677499
98	1	3	0.989734292
99	1	3	0.9890432358
100	1	3	0.9892131686
101	1	3	0.9887589216
102	1	3	0.9896039367
103	1	3	0.9897791743
104	1	3	0.9891857505
105	1	3	0.9893732667
106	1	3	0.9893417358
107	1	3	0.9898836613
108	1	3	0.9897175431
109	1	3	0.9899867177
110	1	3	0.9901471734
111	1	3	0.9897355437
112	1	3	0.9896743298
113	1	3	0.9897269607
114	1	3	0.9893314242
115	1	3	0.9883167744
116	1	3	0.9877394438
117	1	3	0.988065958
118	1	3	0.9881103039
119	1	3	0.9860197902
120	1	3	0.9881576896
121	1	3	0.9866129756
122	1	3	0.9885466695
123	1	3	0.9884065986
124	1	3	0.9892784953
125	1	3	0.9896880984
126	1	3	0.9897889495
127	1	3	0.9897535443
128	1	3	0.9899005294
129	1	3	0.9901661873
132	1	3	0.9899654984
133	1	3	0.9897117615
134	1	3	0.9898574352
135	1	3	0.9899112582
136	1	3	0.9896054268
137	1	3	0.9885474443
138	1	3	0.9888957739
139	1	3	0.9860591292
140	1	3	0.986581862
141	1	3	0.9843983054
142	1	3	0.9835442901
143	1	3	0.9860959053
144	1	3	0.9858787656
145	1	3	0.9870584011
146	1	3	0.9877564907
147	1	3	0.9884542227
148	1	3	0.9898403883
149	1	3	0.9889906645
150	1	3	0.9898625612
151	1	3	0.9895789623
152	1	3	0.9899419546
153	1	3	0.9900766015
155	1	3	0.990152061
156	1	3	0.9901191592
157	1	3	0.9895176888
158	1	3	0.9895808101
159	1	3	0.9896476865
160	1	3	0.9877722859
161	1	3	0.9853973389
162	1	3	0.9867631197
163	1	3	0.9840692282
164	1	3	0.9836025238
165	1	3	0.9811800122
166	1	3	0.9742865562
167	1	3	0.9841372967
168	1	3	0.9829079509
169	1	3	0.9839433432
170	1	3	0.9872778654
171	1	3	0.9868307114
172	1	3	0.9883314967
173	1	3	0.9896959662
174	1	3	0.9894329309
175	1	3	0.9896745086
176	1	3	0.9897701144
177	1	3	0.989741683
178	1	3	0.9899449348
179	1	3	0.9902911186
180	1	3	0.9900361896
181	1	3	0.9899273515
182	1	3	0.9898412228
183	1	3	0.9898978472
184	1	3	0.9895119071
185	1	3	0.9880430698
186	1	3	0.9851869345
187	1	3	0.9856654406
188	1	3	0.9846642017
189	1	3	0.9775765538
190	1	3	0.9783188701
191	1	3	0.9778043628
192	1	3	0.93581599
193	1	3	0.9780086875
194	1	3	0.9794669151
195	1	3	0.9755224586
196	1	3	0.9827142358
197	1	3	0.9849656224
198	1	3	0.984908402
199	1	3	0.9875522852
200	1	3	0.9894180894
201	1	3	0.9898741245
202	1	3	0.9897139072
203	1	3	0.989847064
204	1	3	0.9900991321
205	1	3	0.9901951551
206	1	3	0.9901356101
207	1	3	0.9901043177
208	1	3	0.9903773665
209	1	3	0.9904842973
210	1	3	0.989937067
211	1	3	0.9899798632
212	1	3	0.9901179075
213	1	3	0.9892957807
214	1	3	0.9887378812
215	1	3	0.9883188605
216	1	3	0.9856912494
217	1	3	0.9829044938
218	1	3	0.9766985774
219	1	3	0.9355905652
220	1	3	0.9382822514
221	1	3	0.9490341544
222	1	3	0.9381773472
223	1	3	0.9419568777
224	1	3	0.9435911775
225	1	3	0.943918705
226	1	3	0.9752219319
227	1	3	0.9834288955
228	1	3	0.9861688018
229	1	3	0.9873440266
230	1	3	0.9880667925
231	1	3	0.9896550775
232	1	3	0.989538312
233	1	3	0.989867568
234	1	3	0.9898011684
235	1	3	0.9900180101
236	1	3	0.9902541637
237	1	3	0.9899620414
238	1	3	0.9902358055
239	1	3	0.9904096723
240	1	3	0.9897467494
241	1	3	0.989569068
242	1	3	0.989587903
243	1	3	0.9893750548
244	1	3	0.988268137
245	1	3	0.9863450527
246	1	3	0.9838783145
247	1	3	0.977496624
248	1	3	0.9401344061
249	1	3	0.9360162616
250	1	3	0.9040219784
251	1	3	0.9185678363
252	1	3	0.9214686155
253	1	3	0.8819888234
254	1	3	0.9370819926
255	1	3	0.9614243507
256	1	3	0.9742621779
257	1	3	0.9823645353
258	1	3	0.9829539061
259	1	3	0.986318171
260	1	3	0.9885098338
261	1	3	0.9890708327
262	1	3	0.9895178676
263	1	3	0.9897546768
264	1	3	0.9896447062
265	1	3	0.990034461
266	1	3	0.9900062084
267	1	3	0.9901617169
268	1	3	0.9902445078
269	1	3	0.9898721576
270	1	3	0.9897121787
271	1	3	0.9898495674
272	1	3	0.9891611934
273	1	3	0.9875326753
274	1	3	0.9862648249
275	1	3	0.9841406941
276	1	3	0.9770115018
277	1	3	0.945420742
278	1	3	0.9032962918
279	1	3	0.9368332624
280	1	3	0.9289723039
281	1	3	0.9245280027
282	1	3	0.9343687296
283	1	3	0.952403307
284	1	3	0.9748862386
285	1	3	0.9812521338
286	1	3	0.9759884477
287	1	3	0.9829178452
288	1	3	0.9848591685
289	1	3	0.9882072806
290	1	3	0.9892317057
291	1	3	0.9897222519
292	1	3	0.9909724593
293	1	3	0.9899743795
294	1	3	0.9900940061
295	1	3	0.9900324345
296	1	3	0.9899917245
297	1	3	0.9900071025
298	1	3	0.9893705249
299	1	3	0.9878162742
300	1	3	0.9855778813
301	1	3	0.9806630015
302	1	3	0.977396965
303	1	3	0.949379921
304	1	3	0.8887877464
305	1	3	0.9644698501
306	1	3	0.9489432573
307	1	3	0.9189805984
308	1	3	0.9131475091
309	1	3	0.9325686693
310	1	3	0.8863466978
311	1	3	0.9510287642
312	1	3	0.9794121385
313	1	3	0.9823194146
314	1	3	0.9854693413
315	1	3	0.9881107807
316	1	3	0.9895326495
317	1	3	0.9899294972
318	1	3	0.9898771048
319	1	3	0.9899218082
320	1	3	0.9898012877
321	1	3	0.989989996
322	1	3	0.9901313186
323	1	3	0.9896894097
324	1	3	0.9880055189
325	1	3	0.9851572514
326	1	3	0.9806192517
327	1	3	0.9755566716
328	1	3	0.9455357194
329	1	3	0.8827036023
330	1	3	0.8453140259
331	1	3	0.7301360965
332	1	3	0.9439755082
333	1	3	0.9780894518
334	1	3	0.9839220047
335	1	3	0.9789066911
336	1	3	0.9700624347
337	1	3	0.9420643449
338	1	3	0.9783545136
339	1	3	0.9842444062
340	1	3	0.986400187
341	1	3	0.9892932177
342	1	3	0.9896412492
343	1	3	0.9893205762
344	1	3	0.9898123145
345	1	3	0.9901102185
346	1	3	0.9898517132
347	1	3	0.9899588823
348	1	3	0.9893744588
349	1	3	0.9894984961
350	1	3	0.9888498187
351	1	3	0.9857991338
352	1	3	0.9831177592
353	1	3	0.9799268842
354	1	3	0.9427687526
355	1	3	0.9112179279
356	1	3	0.7860213518
357	1	3	0.6387323141
358	1	3	0.688388288
359	1	3	0.8868762255
360	1	3	0.9498643875
361	1	3	0.9627726674
362	1	3	0.984772563
363	1	3	0.9865625501
364	1	3	0.9821885228
365	1	3	0.9849534631
366	1	3	0.9880350828
367	1	3	0.9896088243
368	1	3	0.9894238114
369	1	3	0.9899656773
370	1	3	0.9897050858
371	1	3	0.9892041683
372	1	3	0.9884460568
373	1	3	0.9862142801
374	1	3	0.9847223163
375	1	3	0.9744066596
376	1	3	0.9372816682
377	1	3	0.9292082191
378	1	3	0.7668824792
379	1	3	0.7609091401
380	1	3	0.7856414318
381	1	3	0.7889484763
382	1	3	0.7986534238
383	1	3	0.8791757226
384	1	3	0.9344937205
385	1	3	0.9751678705
386	1	3	0.9821179509
387	1	3	0.985178709
388	1	3	0.9875802994
389	1	3	0.9896153212
390	1	3	0.9898690581
391	1	3	0.9895607233
392	1	3	0.9894874692
393	1	3	0.9852246642
394	1	3	0.9824178219
395	1	3	0.9766122103
396	1	3	0.9766944647
397	1	3	0.9408167005
398	1	3	0.8953050375
399	1	3	0.8840255737
400	1	3	0.8805425763
401	1	3	0.889747262
402	1	3	0.940810442
403	1	3	0.978035748
404	1	3	0.9774574041
405	1	3	0.9834344983
406	1	3	0.9861528873
407	1	3	0.991450727
408	1	3	0.989744544
409	1	3	0.9894049764
410	1	3	0.9890152812
411	1	3	0.98825109
412	1	3	0.9857570529
413	1	3	0.9825215936
414	1	3	0.9764636755
415	1	3	0.9781597853
416	1	3	0.9427478909
417	1	3	0.9423546195
418	1	3	0.9407724142
419	1	3	0.9398416281
420	1	3	0.9760932326
421	1	3	0.9754881263
422	1	3	0.9819380641
423	1	3	0.9860853553
424	1	3	0.9883642793
425	1	3	0.9892034531
426	1	3	0.989246428
427	1	3	0.9893297553
428	1	3	0.9901707768
429	1	3	0.9900890589
430	1	3	0.9893206954
431	1	3	0.9887416363
432	1	3	0.985820055
433	1	3	0.9865543842
434	1	3	0.9832184911
435	1	3	0.9778609276
436	1	3	0.974293828
437	1	3	0.9776545763
438	1	3	0.9758661389
439	1	3	0.9757860303
440	1	3	0.9773278832
441	1	3	0.9747290015
442	1	3	0.9831007719
443	1	3	0.9851167798
444	1	3	0.9850821495
445	1	3	0.9877155423
446	1	3	0.9898071289
447	1	3	0.9888610244
448	1	3	0.9869647622
449	1	3	0.9838617444
450	1	3	0.9833869934
451	1	3	0.9838756919
452	1	3	0.9832414985
453	1	3	0.9822198153
454	1	3	0.9892957211
455	1	3	0.9887248874
456	1	3	0.9866407514
457	1	3	0.9868174791
458	1	3	0.9869762063
459	1	3	0.9866425395
460	1	3	0.9888973236
461	1	3	0.9890162945
462	1	3	0.9886069894
463	1	3	0.987965405
464	1	3	0.9879931808
465	1	3	0.9892891645
466	1	3	0.9892882109
467	1	3	0.9890859723
468	1	3	0.9892702699
469	1	3	0.9894487858
470	1	3	0.9897969365
471	1	3	0.9894438386
472	1	3	0.9896458387
2	1	4	0.9867580533
3	1	4	0.9870448709
4	1	4	0.986805141
5	1	4	0.9867556095
6	1	4	0.9867610931
7	1	4	0.9868475199
9	1	4	0.9870300293
10	1	4	0.9869317412
11	1	4	0.9869349599
12	1	4	0.9868147373
13	1	4	0.9868816733
14	1	4	0.9868175387
15	1	4	0.9869804382
16	1	4	0.9865061045
17	1	4	0.986984849
18	1	4	0.9871593118
19	1	4	0.9869949222
20	1	4	0.9864915609
21	1	4	0.986615181
22	1	4	0.9865660071
23	1	4	0.9866134524
24	1	4	0.986854732
25	1	4	0.9868693948
26	1	4	0.9868779182
27	1	4	0.9869340658
28	1	4	0.986856699
29	1	4	0.9868788123
30	1	4	0.9870091081
31	1	4	0.9869737029
32	1	4	0.9868816137
33	1	4	0.9864299297
34	1	4	0.9867568612
35	1	4	0.9869747162
36	1	4	0.9865188599
37	1	4	0.9866134524
38	1	4	0.9865182042
39	1	4	0.9866068363
40	1	4	0.9863751531
41	1	4	0.9869168401
42	1	4	0.9868822098
43	1	4	0.9869318008
44	1	4	0.9866143465
45	1	4	0.9866051674
46	1	4	0.986420691
47	1	4	0.9867582917
48	1	4	0.9866281152
49	1	4	0.9868809581
50	1	4	0.9864919186
51	1	4	0.9868336916
52	1	4	0.9867770076
53	1	4	0.9859748483
54	1	4	0.9867662787
55	1	4	0.9865310788
56	1	4	0.9865292907
57	1	4	0.9869278669
58	1	4	0.9864388108
59	1	4	0.9869374633
60	1	4	0.9864878654
61	1	4	0.9869106412
62	1	4	0.9865579009
63	1	4	0.9867546558
64	1	4	0.9863738418
65	1	4	0.9865580201
66	1	4	0.9860911965
67	1	4	0.9860280752
68	1	4	0.9867548943
69	1	4	0.9862744212
70	1	4	0.9859969616
71	1	4	0.9863424301
72	1	4	0.9863687754
73	1	4	0.9867376685
74	1	4	0.9865231514
75	1	4	0.9869374037
76	1	4	0.986825943
77	1	4	0.9864355922
78	1	4	0.9864310026
79	1	4	0.9864667058
80	1	4	0.9861813188
81	1	4	0.9861973524
82	1	4	0.9861884713
83	1	4	0.9857190847
84	1	4	0.9862787724
85	1	4	0.9861463308
86	1	4	0.9863370657
87	1	4	0.9861882329
88	1	4	0.9862382412
89	1	4	0.9863565564
90	1	4	0.9862214923
91	1	4	0.9865878224
92	1	4	0.9867995977
93	1	4	0.9867694974
94	1	4	0.9863780737
95	1	4	0.9862591624
96	1	4	0.9855641723
97	1	4	0.9855831265
98	1	4	0.9863358736
99	1	4	0.9854177237
100	1	4	0.9856434464
101	1	4	0.9850400686
102	1	4	0.9861626029
103	1	4	0.9863955379
104	1	4	0.985607028
105	1	4	0.9858561754
106	1	4	0.9858142734
107	1	4	0.9865343571
108	1	4	0.9863136411
109	1	4	0.9866712689
110	1	4	0.9868845344
111	1	4	0.9863375425
112	1	4	0.9862561822
113	1	4	0.9863260984
114	1	4	0.9858006239
115	1	4	0.9844527841
116	1	4	0.9836860299
117	1	4	0.9841197133
118	1	4	0.9841785431
119	1	4	0.9814032912
120	1	4	0.9842414856
121	1	4	0.982190609
122	1	4	0.9847581387
123	1	4	0.9845721126
124	1	4	0.9857302308
125	1	4	0.9862745404
126	1	4	0.9864084721
127	1	4	0.986361444
128	1	4	0.9865567684
129	1	4	0.9869097471
132	1	4	0.9866430759
133	1	4	0.9863058925
134	1	4	0.9864994884
135	1	4	0.9865710139
136	1	4	0.9861646891
137	1	4	0.9847591519
138	1	4	0.9852218032
139	1	4	0.9814554453
140	1	4	0.9821492434
141	1	4	0.9792520404
142	1	4	0.9781194329
143	1	4	0.9815042615
144	1	4	0.9812161922
145	1	4	0.9827818274
146	1	4	0.9837087393
147	1	4	0.9846352935
148	1	4	0.9864768386
149	1	4	0.985347867
150	1	4	0.9865063429
151	1	4	0.9861294627
152	1	4	0.9866117835
153	1	4	0.9867907166
155	1	4	0.9868910313
156	1	4	0.9868472815
157	1	4	0.9860481024
158	1	4	0.9861319065
159	1	4	0.9862208366
160	1	4	0.9837297201
161	1	4	0.9805773497
162	1	4	0.9823898673
163	1	4	0.9788156152
164	1	4	0.9781966805
165	1	4	0.9749857783
166	1	4	0.9658631682
167	1	4	0.9789058566
168	1	4	0.9772757888
169	1	4	0.9786486626
170	1	4	0.9830732346
171	1	4	0.9824795723
172	1	4	0.9844723344
173	1	4	0.9862849712
174	1	4	0.9859354496
175	1	4	0.9862564802
176	1	4	0.9863834381
177	1	4	0.9863457084
178	1	4	0.986615777
179	1	4	0.9870758057
180	1	4	0.9867370129
181	1	4	0.9865923524
182	1	4	0.9864779711
183	1	4	0.9865531921
184	1	4	0.9860404134
185	1	4	0.9840893149
186	1	4	0.9802982211
187	1	4	0.9809330702
188	1	4	0.9796046615
189	1	4	0.9702143669
190	1	4	0.9711967707
191	1	4	0.9705157876
192	1	4	0.9153501987
193	1	4	0.9707862735
194	1	4	0.9727166891
195	1	4	0.9674971104
196	1	4	0.977019012
197	1	4	0.980004549
198	1	4	0.9799286127
199	1	4	0.9834375381
200	1	4	0.9859157205
201	1	4	0.9865217209
202	1	4	0.9863087535
203	1	4	0.9864857197
204	1	4	0.9868206978
205	1	4	0.9869482517
206	1	4	0.9868690968
207	1	4	0.9868275523
208	1	4	0.9871904254
209	1	4	0.9873325825
210	1	4	0.9866052866
211	1	4	0.986662209
212	1	4	0.9868456125
213	1	4	0.9857532382
214	1	4	0.9850120544
215	1	4	0.9844555855
216	1	4	0.9809672832
217	1	4	0.9772711992
218	1	4	0.969052732
219	1	4	0.9150562286
220	1	4	0.9185680747
221	1	4	0.9326294661
222	1	4	0.9184311628
223	1	4	0.9233677387
224	1	4	0.925504446
225	1	4	0.925932765
226	1	4	0.9670997262
227	1	4	0.9779664278
228	1	4	0.9816009998
229	1	4	0.9831610322
230	1	4	0.9841207862
231	1	4	0.9862305522
232	1	4	0.9860754609
233	1	4	0.986512959
234	1	4	0.9864247441
235	1	4	0.986712873
236	1	4	0.987026751
237	1	4	0.9866384864
238	1	4	0.9870022535
239	1	4	0.9872334003
240	1	4	0.9863523841
241	1	4	0.9861163497
242	1	4	0.986141324
243	1	4	0.9858585596
244	1	4	0.9843881726
245	1	4	0.9818349481
246	1	4	0.9785624146
247	1	4	0.9701086283
248	1	4	0.9209865332
249	1	4	0.9156114459
250	1	4	0.8741219044
251	1	4	0.8929249644
252	1	4	0.8966866732
253	1	4	0.8458319902
254	1	4	0.9170016646
255	1	4	0.9488993883
256	1	4	0.9658309817
257	1	4	0.9765554667
258	1	4	0.9773367047
259	1	4	0.9817993045
260	1	4	0.9847092032
261	1	4	0.9854543805
262	1	4	0.9860483408
263	1	4	0.9863629341
264	1	4	0.9862167835
265	1	4	0.9867347479
266	1	4	0.986697197
267	1	4	0.9869038463
268	1	4	0.9870138764
269	1	4	0.9865190983
270	1	4	0.9863064885
271	1	4	0.9864890575
272	1	4	0.9855744243
273	1	4	0.9834115505
274	1	4	0.9817284942
275	1	4	0.978910327
276	1	4	0.9694667459
277	1	4	0.9278978705
278	1	4	0.8731864095
279	1	4	0.916677177
280	1	4	0.9064357281
281	1	4	0.9006583691
282	1	4	0.9134632349
283	1	4	0.9370466471
284	1	4	0.96665591
285	1	4	0.975081265
286	1	4	0.9681133628
287	1	4	0.9772889018
288	1	4	0.9798633456
289	1	4	0.9843073487
290	1	4	0.9856681228
291	1	4	0.98631984
292	1	4	0.9879814386
293	1	4	0.9866548777
294	1	4	0.9868138433
295	1	4	0.9867320061
296	1	4	0.9866779447
297	1	4	0.9866983891
298	1	4	0.9858524799
299	1	4	0.9837880731
300	1	4	0.9808169007
301	1	4	0.9743007421
302	1	4	0.9699767232
303	1	4	0.933082521
304	1	4	0.8545367122
305	1	4	0.9529092312
306	1	4	0.9325103164
307	1	4	0.8934600353
308	1	4	0.8859065175
309	1	4	0.9111175537
310	1	4	0.8514088988
311	1	4	0.935243845
312	1	4	0.9726441503
313	1	4	0.9764956236
314	1	4	0.9806728363
315	1	4	0.9841791987
316	1	4	0.9860679507
317	1	4	0.986595273
318	1	4	0.9865256548
319	1	4	0.986585021
320	1	4	0.9864249229
321	1	4	0.9866756797
322	1	4	0.9868634343
323	1	4	0.986276269
324	1	4	0.9840394258
325	1	4	0.9802587628
326	1	4	0.974242866
327	1	4	0.9675424099
328	1	4	0.9280483127
329	1	4	0.8467460871
330	1	4	0.7992649674
331	1	4	0.6574636698
332	1	4	0.926007092
333	1	4	0.9708931446
334	1	4	0.9786203504
335	1	4	0.9719749689
336	1	4	0.9602838159
337	1	4	0.9235081673
338	1	4	0.9712439775
339	1	4	0.9790478945
340	1	4	0.9819082022
341	1	4	0.9857498407
342	1	4	0.986212194
343	1	4	0.98578614
344	1	4	0.9864395261
345	1	4	0.9868354201
346	1	4	0.9864919186
347	1	4	0.9866343141
348	1	4	0.9858577847
349	1	4	0.986022532
350	1	4	0.9851608276
351	1	4	0.9811104536
352	1	4	0.9775539041
353	1	4	0.9733258486
354	1	4	0.9244289994
355	1	4	0.8834114075
356	1	4	0.7254026532
357	1	4	0.5500791669
358	1	4	0.6078241467
359	1	4	0.8520871997
360	1	4	0.9337174892
361	1	4	0.950674057
362	1	4	0.9797484279
363	1	4	0.9821236134
364	1	4	0.9763221741
365	1	4	0.9799883962
366	1	4	0.9840786457
367	1	4	0.9861690998
368	1	4	0.9859233499
369	1	4	0.9866433144
370	1	4	0.986297071
371	1	4	0.9856315255
372	1	4	0.984624505
373	1	4	0.9816613793
374	1	4	0.9796817899
375	1	4	0.966021955
376	1	4	0.9172621965
377	1	4	0.906742692
378	1	4	0.7019482255
379	1	4	0.6946676373
380	1	4	0.7249352336
381	1	4	0.7290067077
382	1	4	0.7409878969
383	1	4	0.8422368765
384	1	4	0.9136261344
385	1	4	0.9670283198
386	1	4	0.9762285948
387	1	4	0.9802872539
388	1	4	0.983474791
389	1	4	0.9861778021
390	1	4	0.986514926
391	1	4	0.9861052036
392	1	4	0.9860078692
393	1	4	0.9803481698
394	1	4	0.9766260386
395	1	4	0.9689384699
396	1	4	0.969047308
397	1	4	0.9218778014
398	1	4	0.8629018068
399	1	4	0.8484373093
400	1	4	0.8439831734
401	1	4	0.8557670116
402	1	4	0.921869576
403	1	4	0.9708220959
404	1	4	0.9700567126
405	1	4	0.9779738784
406	1	4	0.9815798998
407	1	4	0.988617301
408	1	4	0.9863494635
409	1	4	0.9858983159
410	1	4	0.98538059
411	1	4	0.9843655229
412	1	4	0.9810546637
413	1	4	0.9767636061
414	1	4	0.968742013
415	1	4	0.9709861875
416	1	4	0.9244017601
417	1	4	0.9238876104
418	1	4	0.9218199253
419	1	4	0.9206041098
420	1	4	0.9682520032
421	1	4	0.9674516916
422	1	4	0.9759902358
423	1	4	0.981490314
424	1	4	0.9845158458
425	1	4	0.9856305718
426	1	4	0.9856876731
427	1	4	0.9857983589
428	1	4	0.9869158864
429	1	4	0.9868072867
430	1	4	0.9857863784
431	1	4	0.9850171208
432	1	4	0.9811382294
433	1	4	0.9821128249
434	1	4	0.9776874781
435	1	4	0.970590651
436	1	4	0.9658728242
437	1	4	0.9703176022
438	1	4	0.9679515958
439	1	4	0.9678457379
440	1	4	0.9698852897
441	1	4	0.9664480686
442	1	4	0.9775313735
443	1	4	0.9802050591
444	1	4	0.9801591039
445	1	4	0.9836543202
446	1	4	0.9864326715
447	1	4	0.9851756692
448	1	4	0.9826575518
449	1	4	0.9785404205
450	1	4	0.9779108763
451	1	4	0.978558898
452	1	4	0.9777179956
453	1	4	0.9763636589
454	1	4	0.9857531786
455	1	4	0.9849948883
456	1	4	0.9822274446
457	1	4	0.9824620485
458	1	4	0.9826727509
459	1	4	0.9822297692
460	1	4	0.9852238894
461	1	4	0.9853819609
462	1	4	0.9848382473
463	1	4	0.9839861393
464	1	4	0.9840230346
465	1	4	0.9857444763
466	1	4	0.9857432246
467	1	4	0.9854745269
468	1	4	0.9857193828
469	1	4	0.9859565496
470	1	4	0.9864190817
471	1	4	0.9859499335
472	1	4	0.9862183332
2	1	5	0.9834750295
3	1	5	0.9838323593
4	1	5	0.9835336804
5	1	5	0.9834719896
6	1	5	0.9834788442
7	1	5	0.9835864902
9	1	5	0.9838139415
10	1	5	0.9836914539
11	1	5	0.9836954474
12	1	5	0.983545661
13	1	5	0.9836290479
14	1	5	0.983549118
15	1	5	0.9837521315
16	1	5	0.983161211
17	1	5	0.9837576151
18	1	5	0.9839749932
19	1	5	0.9837701321
20	1	5	0.9831430316
21	1	5	0.9832971096
22	1	5	0.9832357764
23	1	5	0.9832949042
24	1	5	0.9835954905
25	1	5	0.9836137891
26	1	5	0.9836243391
27	1	5	0.9836943746
28	1	5	0.9835979939
29	1	5	0.9836255312
30	1	5	0.9837878346
31	1	5	0.9837436676
32	1	5	0.9836289883
33	1	5	0.9830662608
34	1	5	0.983473599
35	1	5	0.9837449789
36	1	5	0.9831770658
37	1	5	0.9832949042
38	1	5	0.9831762314
39	1	5	0.9832866192
40	1	5	0.9829980135
41	1	5	0.9836729169
42	1	5	0.9836297035
43	1	5	0.9836915135
44	1	5	0.9832960367
45	1	5	0.9832845926
46	1	5	0.9830547571
47	1	5	0.9834753871
48	1	5	0.9833131433
49	1	5	0.9836281538
50	1	5	0.9831435084
51	1	5	0.9835692644
52	1	5	0.9834986329
53	1	5	0.9824994206
54	1	5	0.9834853411
55	1	5	0.983192265
56	1	5	0.9831900597
57	1	5	0.983686626
58	1	5	0.9830773473
59	1	5	0.9836985469
60	1	5	0.983138442
61	1	5	0.9836651683
62	1	5	0.9832257032
63	1	5	0.9834708571
64	1	5	0.9829964638
65	1	5	0.9832258821
66	1	5	0.9826443791
67	1	5	0.982565701
68	1	5	0.9834711552
69	1	5	0.9828726053
70	1	5	0.9825268984
71	1	5	0.9829573035
72	1	5	0.9829900861
73	1	5	0.9834496975
74	1	5	0.9831824303
75	1	5	0.9836984873
76	1	5	0.9835596681
77	1	5	0.9830733538
78	1	5	0.9830676317
79	1	5	0.9831120968
80	1	5	0.9827566147
81	1	5	0.9827765822
82	1	5	0.9827655554
83	1	5	0.9821808934
84	1	5	0.9828780293
85	1	5	0.9827129841
86	1	5	0.9829505682
87	1	5	0.9827651978
88	1	5	0.9828274846
89	1	5	0.9829748869
90	1	5	0.982806623
91	1	5	0.9832630157
92	1	5	0.9835268259
93	1	5	0.9834893346
94	1	5	0.983001709
95	1	5	0.9828535318
96	1	5	0.9819878936
97	1	5	0.982011497
98	1	5	0.9829491377
99	1	5	0.981805563
100	1	5	0.9820866585
101	1	5	0.9813351631
102	1	5	0.9827333093
103	1	5	0.9830234647
104	1	5	0.9820412397
105	1	5	0.9823515415
106	1	5	0.9822993875
107	1	5	0.9831963778
108	1	5	0.9829214215
109	1	5	0.9833669662
110	1	5	0.9836326241
111	1	5	0.9829512239
112	1	5	0.9828498363
113	1	5	0.9829369187
114	1	5	0.9822824001
115	1	5	0.9806039333
116	1	5	0.9796493053
117	1	5	0.9801892042
118	1	5	0.9802624583
119	1	5	0.9768084288
120	1	5	0.9803407788
121	1	5	0.9777880311
122	1	5	0.9809840918
123	1	5	0.9807524681
124	1	5	0.9821947813
125	1	5	0.9828726649
126	1	5	0.9830395579
127	1	5	0.9829809666
128	1	5	0.9832242727
129	1	5	0.9836640358
132	1	5	0.9833317995
133	1	5	0.9829117656
134	1	5	0.983152926
135	1	5	0.9832420349
136	1	5	0.9827358127
137	1	5	0.9809854031
138	1	5	0.9815615416
139	1	5	0.9768733382
140	1	5	0.9777365923
141	1	5	0.9741326571
142	1	5	0.9727244973
143	1	5	0.9769340158
144	1	5	0.976575613
145	1	5	0.9785238504
146	1	5	0.9796775579
147	1	5	0.9808311462
148	1	5	0.9831246734
149	1	5	0.9817184806
150	1	5	0.9831614494
151	1	5	0.9826920033
152	1	5	0.9832928777
153	1	5	0.983515799
155	1	5	0.9836407304
156	1	5	0.9835862517
157	1	5	0.9825906157
158	1	5	0.9826950431
159	1	5	0.9828057885
160	1	5	0.9797036648
161	1	5	0.9757809043
162	1	5	0.9780359864
163	1	5	0.9735899568
164	1	5	0.9728205204
165	1	5	0.9688305855
166	1	5	0.9575126171
167	1	5	0.9737021923
168	1	5	0.9716758728
169	1	5	0.9733824134
170	1	5	0.9788864851
171	1	5	0.9781476855
172	1	5	0.980628252
173	1	5	0.9828856587
174	1	5	0.9824503064
175	1	5	0.982850194
176	1	5	0.9830083847
177	1	5	0.9829613566
178	1	5	0.9832977653
179	1	5	0.9838709235
180	1	5	0.983448863
181	1	5	0.9832686782
182	1	5	0.9831261039
183	1	5	0.983219862
184	1	5	0.982581079
185	1	5	0.9801513553
186	1	5	0.9754337072
187	1	5	0.9762234092
188	1	5	0.9745711684
189	1	5	0.9629076123
190	1	5	0.9641265273
191	1	5	0.9632816315
192	1	5	0.8953319788
193	1	5	0.963617146
194	1	5	0.9660129547
195	1	5	0.9595378041
196	1	5	0.9713567495
197	1	5	0.9750685096
198	1	5	0.9749740362
199	1	5	0.9793399572
200	1	5	0.9824257493
201	1	5	0.9831805825
202	1	5	0.9829153419
203	1	5	0.9831357598
204	1	5	0.9835531116
205	1	5	0.9837120175
206	1	5	0.9836134315
207	1	5	0.9835616946
208	1	5	0.9840137362
209	1	5	0.9841908813
210	1	5	0.9832847118
211	1	5	0.9833556414
212	1	5	0.983584106
213	1	5	0.9822233915
214	1	5	0.9813002944
215	1	5	0.9806073308
216	1	5	0.9762659669
217	1	5	0.9716702104
218	1	5	0.9614667296
219	1	5	0.8949725628
220	1	5	0.8992680907
221	1	5	0.916508317
222	1	5	0.8991005421
223	1	5	0.9051454067
224	1	5	0.9077643752
225	1	5	0.9082895517
226	1	5	0.9590452313
227	1	5	0.9725342989
228	1	5	0.9770544171
229	1	5	0.9789958
230	1	5	0.9801905155
231	1	5	0.9828179479
232	1	5	0.9826247096
233	1	5	0.9831697345
234	1	5	0.9830598235
235	1	5	0.9834187627
236	1	5	0.9838097692
237	1	5	0.9833261371
238	1	5	0.9837793112
239	1	5	0.9840672612
240	1	5	0.9829697013
241	1	5	0.9826756716
242	1	5	0.9827067852
243	1	5	0.9823545814
244	1	5	0.9805234671
245	1	5	0.9773454666
246	1	5	0.9732752442
247	1	5	0.9627764225
248	1	5	0.9022285938
249	1	5	0.8956514001
250	1	5	0.845210731
251	1	5	0.8679979444
252	1	5	0.8725712299
253	1	5	0.8111574054
254	1	5	0.8973516226
255	1	5	0.9365375638
256	1	5	0.9574727416
257	1	5	0.9707807302
258	1	5	0.9717516303
259	1	5	0.9773011208
260	1	5	0.9809231758
261	1	5	0.9818511605
262	1	5	0.9825909138
263	1	5	0.9829828739
264	1	5	0.9828007817
265	1	5	0.9834460616
266	1	5	0.9833992124
267	1	5	0.9836566448
268	1	5	0.9837937951
269	1	5	0.9831773043
270	1	5	0.9829125404
271	1	5	0.9831399918
272	1	5	0.982000649
273	1	5	0.9793075919
274	1	5	0.9772130251
275	1	5	0.9737077951
276	1	5	0.9619802237
277	1	5	0.9106997848
278	1	5	0.8440802097
279	1	5	0.8969547153
280	1	5	0.8844458461
281	1	5	0.8774049878
282	1	5	0.8930254579
283	1	5	0.9219375849
284	1	5	0.9584950805
285	1	5	0.9689492583
286	1	5	0.9603018761
287	1	5	0.9716922045
288	1	5	0.9748929143
289	1	5	0.9804228544
290	1	5	0.9821173549
291	1	5	0.9829291701
292	1	5	0.9849994183
293	1	5	0.9833465219
294	1	5	0.9835445881
295	1	5	0.9834426045
296	1	5	0.9833751917
297	1	5	0.9834007621
298	1	5	0.9823470116
299	1	5	0.9797763228
300	1	5	0.9760788679
301	1	5	0.9679798484
302	1	5	0.9626128078
303	1	5	0.9170649052
304	1	5	0.8216056228
305	1	5	0.9414871931
306	1	5	0.9163619876
307	1	5	0.8686481714
308	1	5	0.8594782352
309	1	5	0.890159905
310	1	5	0.8178482652
311	1	5	0.9197209477
312	1	5	0.9659228921
313	1	5	0.9707063437
314	1	5	0.9758996964
315	1	5	0.9802632332
316	1	5	0.9826154113
317	1	5	0.9832722545
318	1	5	0.9831855297
319	1	5	0.9832594991
320	1	5	0.9830600023
321	1	5	0.9833723903
322	1	5	0.9836063385
323	1	5	0.9828748703
324	1	5	0.9800891876
325	1	5	0.9753846526
326	1	5	0.9679079056
327	1	5	0.9595939517
328	1	5	0.9108843207
329	1	5	0.812253356
330	1	5	0.7557244301
331	1	5	0.5920245647
332	1	5	0.9083806872
333	1	5	0.963749826
334	1	5	0.973347187
335	1	5	0.9650923014
336	1	5	0.9506037235
337	1	5	0.9053175449
338	1	5	0.9641851187
339	1	5	0.9738788009
340	1	5	0.9774366021
341	1	5	0.9822191
342	1	5	0.9827950597
343	1	5	0.9822643995
344	1	5	0.9830782413
345	1	5	0.9835714102
346	1	5	0.9831435084
347	1	5	0.9833208919
348	1	5	0.9823535681
349	1	5	0.9825588465
350	1	5	0.9814855456
351	1	5	0.9764441252
352	1	5	0.9720215201
353	1	5	0.9667692184
354	1	5	0.9064460397
355	1	5	0.8564534783
356	1	5	0.6694588661
357	1	5	0.4737306833
358	1	5	0.5366886854
359	1	5	0.8186627626
360	1	5	0.9178450108
361	1	5	0.9387275577
362	1	5	0.9747499824
363	1	5	0.9777047038
364	1	5	0.9704908729
365	1	5	0.9750484228
366	1	5	0.9801380634
367	1	5	0.9827413559
368	1	5	0.9824352264
369	1	5	0.9833321571
370	1	5	0.9829007983
371	1	5	0.9820717573
372	1	5	0.9808176756
373	1	5	0.977129519
374	1	5	0.9746670723
375	1	5	0.9577094316
376	1	5	0.8976703286
377	1	5	0.8848203421
378	1	5	0.6425121427
379	1	5	0.6341928244
380	1	5	0.6689196825
381	1	5	0.6736191511
382	1	5	0.6874860525
383	1	5	0.8068500161
384	1	5	0.8932245374
385	1	5	0.9589566588
386	1	5	0.9703745246
387	1	5	0.9754201174
388	1	5	0.9793863297
389	1	5	0.9827522039
390	1	5	0.9831721783
391	1	5	0.9826617837
392	1	5	0.9825405478
393	1	5	0.9754958749
394	1	5	0.9708684683
395	1	5	0.9613250494
396	1	5	0.9614599943
397	1	5	0.9033201933
398	1	5	0.8316712976
399	1	5	0.8142817616
400	1	5	0.8089417219
401	1	5	0.8230845332
402	1	5	0.9033101201
403	1	5	0.9636616111
404	1	5	0.9627120495
405	1	5	0.9725435972
406	1	5	0.9770281315
407	1	5	0.9857919216
408	1	5	0.9829660654
409	1	5	0.9824040532
410	1	5	0.9817592502
411	1	5	0.9804952741
412	1	5	0.9763746858
413	1	5	0.9710394144
414	1	5	0.9610813856
415	1	5	0.9638652205
416	1	5	0.9064126611
417	1	5	0.9057825208
418	1	5	0.9032492638
419	1	5	0.9017603993
420	1	5	0.9604737759
421	1	5	0.9594815373
422	1	5	0.9700784087
423	1	5	0.9769166708
424	1	5	0.9806824327
425	1	5	0.9820705652
426	1	5	0.9821417332
427	1	5	0.9822795987
428	1	5	0.9836716652
429	1	5	0.9835363626
430	1	5	0.9822646379
431	1	5	0.9813066125
432	1	5	0.9764786363
433	1	5	0.9776912332
434	1	5	0.9721875191
435	1	5	0.9633744955
436	1	5	0.9575245976
437	1	5	0.9630357027
438	1	5	0.9601013064
439	1	5	0.9599699974
440	1	5	0.9624994397
441	1	5	0.9582374692
442	1	5	0.9719935656
443	1	5	0.9753178358
444	1	5	0.9752607346
445	1	5	0.9796098471
446	1	5	0.9830697179
447	1	5	0.9815040231
448	1	5	0.9783691764
449	1	5	0.9732478857
450	1	5	0.9724652767
451	1	5	0.9732708335
452	1	5	0.9722254872
453	1	5	0.9705423713
454	1	5	0.9822232723
455	1	5	0.9812788963
456	1	5	0.9778338671
457	1	5	0.9781258106
458	1	5	0.9783880115
459	1	5	0.9778367877
460	1	5	0.9815641046
461	1	5	0.9817609787
462	1	5	0.9810838103
463	1	5	0.9800229073
464	1	5	0.9800688624
465	1	5	0.9822124839
466	1	5	0.9822108746
467	1	5	0.9818762541
468	1	5	0.9821811914
469	1	5	0.9824765921
470	1	5	0.9830527902
471	1	5	0.9824683666
472	1	5	0.9828027487
2	1	6	0.9802029729
3	1	6	0.9806303382
4	1	6	0.9802731276
5	1	6	0.980199337
6	1	6	0.9802075028
7	1	6	0.9803363085
9	1	6	0.9806082845
10	1	6	0.9804618359
11	1	6	0.9804665446
12	1	6	0.9802874327
13	1	6	0.9803872108
14	1	6	0.980291605
15	1	6	0.9805343747
16	1	6	0.9798276424
17	1	6	0.9805409312
18	1	6	0.9808009267
19	1	6	0.980555892
20	1	6	0.9798058867
21	1	6	0.9799901247
22	1	6	0.979916811
23	1	6	0.9799875021
24	1	6	0.9803470373
25	1	6	0.9803689122
26	1	6	0.9803815484
27	1	6	0.9804652929
28	1	6	0.9803500175
29	1	6	0.9803829193
30	1	6	0.9805771112
31	1	6	0.9805243015
32	1	6	0.9803871512
33	1	6	0.9797140956
34	1	6	0.9802012444
35	1	6	0.9805257916
36	1	6	0.9798465967
37	1	6	0.9799875617
38	1	6	0.9798455834
39	1	6	0.9799776077
40	1	6	0.9796324968
41	1	6	0.9804396033
42	1	6	0.9803879261
43	1	6	0.9804618359
44	1	6	0.979988873
45	1	6	0.9799751639
46	1	6	0.9797003269
47	1	6	0.9802033901
48	1	6	0.980009377
49	1	6	0.980386138
50	1	6	0.9798064828
51	1	6	0.9803156853
52	1	6	0.9802311659
53	1	6	0.979036212
54	1	6	0.9802152514
55	1	6	0.9798647761
56	1	6	0.9798621535
57	1	6	0.9804560542
58	1	6	0.9797273278
59	1	6	0.9804702997
60	1	6	0.9798004031
61	1	6	0.9804303646
62	1	6	0.9799047709
63	1	6	0.9801979661
64	1	6	0.9796305895
65	1	6	0.9799049497
66	1	6	0.9792095423
67	1	6	0.9791154861
68	1	6	0.9801983237
69	1	6	0.9794824719
70	1	6	0.9790691137
71	1	6	0.9795837402
72	1	6	0.9796229601
73	1	6	0.9801726341
74	1	6	0.9798529744
75	1	6	0.9804701805
76	1	6	0.9803041816
77	1	6	0.9797224998
78	1	6	0.9797157049
79	1	6	0.9797689319
80	1	6	0.9793437719
81	1	6	0.9793676734
82	1	6	0.9793544412
83	1	6	0.9786553383
84	1	6	0.9794889688
85	1	6	0.9792916179
86	1	6	0.9795757532
87	1	6	0.9793540239
88	1	6	0.9794285297
89	1	6	0.9796047807
90	1	6	0.979403615
91	1	6	0.9799493551
92	1	6	0.9802649021
93	1	6	0.9802200794
94	1	6	0.9796369076
95	1	6	0.979459703
96	1	6	0.9784246087
97	1	6	0.9784528017
98	1	6	0.9795740247
99	1	6	0.9782065749
100	1	6	0.9785426855
101	1	6	0.9776442051
102	1	6	0.9793159366
103	1	6	0.9796628952
104	1	6	0.9784883857
105	1	6	0.9788594246
106	1	6	0.9787970185
107	1	6	0.9798697233
108	1	6	0.9795408249
109	1	6	0.9800736904
110	1	6	0.9803914428
111	1	6	0.9795764685
112	1	6	0.9794552326
113	1	6	0.9795594215
114	1	6	0.9787766933
115	1	6	0.976770103
116	1	6	0.9756291509
117	1	6	0.9762743711
118	1	6	0.9763619304
119	1	6	0.9722350836
120	1	6	0.9764555693
121	1	6	0.9734051824
122	1	6	0.9772245288
123	1	6	0.9769476056
124	1	6	0.9786719084
125	1	6	0.9794825912
126	1	6	0.9796821475
127	1	6	0.9796120524
128	1	6	0.9799030423
129	1	6	0.9804290533
132	1	6	0.9800316691
133	1	6	0.9795293212
134	1	6	0.9798176885
135	1	6	0.9799243212
136	1	6	0.9793189168
137	1	6	0.9772260785
138	1	6	0.9779148102
139	1	6	0.9723125696
140	1	6	0.97334373
141	1	6	0.9690400362
142	1	6	0.967359364
143	1	6	0.9723850489
144	1	6	0.9719569683
145	1	6	0.9742842913
146	1	6	0.9756629467
147	1	6	0.9770417213
148	1	6	0.9797839522
149	1	6	0.9781025052
150	1	6	0.9798279405
151	1	6	0.9792665243
152	1	6	0.9799850583
153	1	6	0.9802516699
155	1	6	0.9804011583
156	1	6	0.9803359509
157	1	6	0.9791452885
158	1	6	0.9792701602
159	1	6	0.9794026017
160	1	6	0.9756940603
161	1	6	0.9710079432
162	1	6	0.9737014174
163	1	6	0.9683922529
164	1	6	0.9674739242
165	1	6	0.9627142549
166	1	6	0.9492342472
167	1	6	0.9685261846
168	1	6	0.9661080837
169	1	6	0.968144536
170	1	6	0.9747175574
171	1	6	0.9738348126
172	1	6	0.9767991304
173	1	6	0.979498148
174	1	6	0.9789775014
175	1	6	0.9794556499
176	1	6	0.979644835
177	1	6	0.9795886278
178	1	6	0.9799909592
179	1	6	0.9806764722
180	1	6	0.9801716208
181	1	6	0.9799561501
182	1	6	0.9797856808
183	1	6	0.9798977971
184	1	6	0.9791338444
185	1	6	0.9762291312
186	1	6	0.9705933332
187	1	6	0.9715363979
188	1	6	0.9695635438
189	1	6	0.9556559324
190	1	6	0.9571077824
191	1	6	0.9561013579
192	1	6	0.875751555
193	1	6	0.9565010071
194	1	6	0.9593554139
195	1	6	0.9516440034
196	1	6	0.9657273293
197	1	6	0.9701572657
198	1	6	0.9700445533
199	1	6	0.9752594829
200	1	6	0.9789481759
201	1	6	0.9798508286
202	1	6	0.9795336127
203	1	6	0.9797971845
204	1	6	0.9802963138
205	1	6	0.980486393
206	1	6	0.980368495
207	1	6	0.9803065658
208	1	6	0.9808472991
209	1	6	0.9810591936
210	1	6	0.9799753428
211	1	6	0.9800601602
212	1	6	0.9803334475
213	1	6	0.978706181
214	1	6	0.9776025414
215	1	6	0.9767742157
216	1	6	0.9715871811
217	1	6	0.9661012888
218	1	6	0.9539400935
219	1	6	0.8753297329
220	1	6	0.8803735971
221	1	6	0.9006658792
222	1	6	0.8801767826
223	1	6	0.8872827291
224	1	6	0.8903643489
225	1	6	0.8909825087
226	1	6	0.9510577917
227	1	6	0.9671323895
228	1	6	0.9725288749
229	1	6	0.9748481512
230	1	6	0.9762759805
231	1	6	0.9794171453
232	1	6	0.979186058
233	1	6	0.9798378348
234	1	6	0.979706347
235	1	6	0.9801356792
236	1	6	0.9806033373
237	1	6	0.9800248742
238	1	6	0.9805669188
239	1	6	0.9809113145
240	1	6	0.9795986414
241	1	6	0.979246974
242	1	6	0.9792842269
243	1	6	0.9788630605
244	1	6	0.9766739011
245	1	6	0.9728764892
246	1	6	0.9680165648
247	1	6	0.9554997087
248	1	6	0.8838527203
249	1	6	0.8761264682
250	1	6	0.817255795
251	1	6	0.8437668085
252	1	6	0.8491043448
253	1	6	0.7779042721
254	1	6	0.8781226873
255	1	6	0.924336791
256	1	6	0.9491868615
257	1	6	0.9650400877
258	1	6	0.9661983848
259	1	6	0.9728235602
260	1	6	0.9771517515
261	1	6	0.9782611132
262	1	6	0.9791456461
263	1	6	0.9796143174
264	1	6	0.9793965816
265	1	6	0.980168283
266	1	6	0.9801122546
267	1	6	0.9804201722
268	1	6	0.9805842042
269	1	6	0.9798468947
270	1	6	0.9795302153
271	1	6	0.9798021913
272	1	6	0.9784398675
273	1	6	0.9752207398
274	1	6	0.9727182984
275	1	6	0.9685328603
276	1	6	0.954551518
277	1	6	0.893820405
278	1	6	0.8159441948
279	1	6	0.8776566386
280	1	6	0.8629894853
281	1	6	0.8547520041
282	1	6	0.873044908
283	1	6	0.9070721269
284	1	6	0.9504031539
285	1	6	0.9628557563
286	1	6	0.9525533915
287	1	6	0.9661275148
288	1	6	0.9699476361
289	1	6	0.9765536189
290	1	6	0.9785793424
291	1	6	0.9795501232
292	1	6	0.9820263982
293	1	6	0.9800492525
294	1	6	0.9802861214
295	1	6	0.9801641703
296	1	6	0.9800835848
297	1	6	0.9801141024
298	1	6	0.9788540006
299	1	6	0.9757809639
300	1	6	0.9713637233
301	1	6	0.961699903
302	1	6	0.9553048015
303	1	6	0.9013222456
304	1	6	0.7899436355
305	1	6	0.9302020669
306	1	6	0.9004932642
307	1	6	0.8445253372
308	1	6	0.8338383436
309	1	6	0.869684279
310	1	6	0.785610497
311	1	6	0.9044556618
312	1	6	0.9592481256
313	1	6	0.964951396
314	1	6	0.9711498022
315	1	6	0.976362884
316	1	6	0.979174912
317	1	6	0.9799604416
318	1	6	0.9798567295
319	1	6	0.9799451828
320	1	6	0.9797065854
321	1	6	0.9800802469
322	1	6	0.9803600311
323	1	6	0.9794851542
324	1	6	0.9761548638
325	1	6	0.9705347419
326	1	6	0.9616141319
327	1	6	0.9517108202
328	1	6	0.8940377831
329	1	6	0.7791656852
330	1	6	0.7145558
331	1	6	0.5330987573
332	1	6	0.891089797
333	1	6	0.956659019
334	1	6	0.9681025147
335	1	6	0.9582583904
336	1	6	0.941021204
337	1	6	0.8874852061
338	1	6	0.9571775794
339	1	6	0.9687370658
340	1	6	0.9729853868
341	1	6	0.978701055
342	1	6	0.9793897867
343	1	6	0.9787551761
344	1	6	0.9797284007
345	1	6	0.9803182483
346	1	6	0.9798064828
347	1	6	0.9800186157
348	1	6	0.9788618684
349	1	6	0.9791072607
350	1	6	0.9778239727
351	1	6	0.9717999101
352	1	6	0.9665204883
353	1	6	0.9602567554
354	1	6	0.8888128996
355	1	6	0.8303181529
356	1	6	0.6178295612
357	1	6	0.4079789817
358	1	6	0.4738784432
359	1	6	0.7865495086
360	1	6	0.9022423625
361	1	6	0.9269311428
362	1	6	0.969776988
363	1	6	0.9733056426
364	1	6	0.9646943808
365	1	6	0.9701333046
366	1	6	0.9762132764
367	1	6	0.9793255925
368	1	6	0.9789594412
369	1	6	0.9800320268
370	1	6	0.9795162082
371	1	6	0.9785248637
372	1	6	0.9770256281
373	1	6	0.9726185203
374	1	6	0.9696780443
375	1	6	0.9494683743
376	1	6	0.8784969449
377	1	6	0.8634279966
378	1	6	0.5881087184
379	1	6	0.5789827108
380	1	6	0.6172325015
381	1	6	0.6224397421
382	1	6	0.6378472447
383	1	6	0.772949934
384	1	6	0.8732784986
385	1	6	0.9509524107
386	1	6	0.9645556211
387	1	6	0.9705771208
388	1	6	0.9753148556
389	1	6	0.9793385267
390	1	6	0.9798406959
391	1	6	0.9792304039
392	1	6	0.9790853858
393	1	6	0.9706676006
394	1	6	0.9651447535
395	1	6	0.953771472
396	1	6	0.9539321065
397	1	6	0.8851360679
398	1	6	0.8015711308
399	1	6	0.781501174
400	1	6	0.7753551602
401	1	6	0.791650176
402	1	6	0.8851242661
403	1	6	0.9565539956
404	1	6	0.9554229379
405	1	6	0.9671434164
406	1	6	0.9724975228
407	1	6	0.9829745889
408	1	6	0.9795942307
409	1	6	0.9789221883
410	1	6	0.9781512618
411	1	6	0.9766402245
412	1	6	0.971717
413	1	6	0.9653487206
414	1	6	0.9534813166
415	1	6	0.9567965269
416	1	6	0.8887736201
417	1	6	0.888032198
418	1	6	0.8850527406
419	1	6	0.883302331
420	1	6	0.9527580142
421	1	6	0.9515770078
422	1	6	0.964202404
423	1	6	0.9723643661
424	1	6	0.9768639207
425	1	6	0.9785234332
426	1	6	0.9786085486
427	1	6	0.9787733555
428	1	6	0.9804381132
429	1	6	0.9802763462
430	1	6	0.9787554741
431	1	6	0.9776100516
432	1	6	0.9718411565
433	1	6	0.9732895494
434	1	6	0.9667185545
435	1	6	0.9562119246
436	1	6	0.9492484927
437	1	6	0.9558084607
438	1	6	0.9523146749
439	1	6	0.9521583915
440	1	6	0.9551697969
441	1	6	0.9500966072
442	1	6	0.9664871097
443	1	6	0.9704549909
444	1	6	0.9703868032
445	1	6	0.9755820036
446	1	6	0.9797182083
447	1	6	0.977846086
448	1	6	0.9740994573
449	1	6	0.9679839611
450	1	6	0.9670500159
451	1	6	0.9680113792
452	1	6	0.966763854
453	1	6	0.9647558331
454	1	6	0.9787060618
455	1	6	0.9775769711
456	1	6	0.973459959
457	1	6	0.9738087654
458	1	6	0.9741219878
459	1	6	0.9734634757
460	1	6	0.9779179096
461	1	6	0.9781532884
462	1	6	0.9773437381
463	1	6	0.9760756493
464	1	6	0.9761305451
465	1	6	0.9786931276
466	1	6	0.9786912203
467	1	6	0.9782910943
468	1	6	0.9786556959
469	1	6	0.979008913
470	1	6	0.9796979427
471	1	6	0.9789991379
472	1	6	0.9793989062
2	1	7	0.9769417644
3	1	7	0.9774387479
4	1	7	0.9770233631
5	1	7	0.9769375324
6	1	7	0.9769470692
7	1	7	0.977096796
9	1	7	0.9774130583
10	1	7	0.9772427678
11	1	7	0.9772482514
12	1	7	0.9770399928
13	1	7	0.9771559834
14	1	7	0.9770448208
15	1	7	0.9773271084
16	1	7	0.9765053391
17	1	7	0.9773347378
18	1	7	0.9776371121
19	1	7	0.9773522019
20	1	7	0.9764800668
21	1	7	0.9766943455
22	1	7	0.9766090512
23	1	7	0.976691246
24	1	7	0.977109313
25	1	7	0.9771347642
26	1	7	0.9771494269
27	1	7	0.9772468209
28	1	7	0.9771127701
29	1	7	0.9771510363
30	1	7	0.9773768187
31	1	7	0.9773154259
32	1	7	0.9771559238
33	1	7	0.9763733149
34	1	7	0.9769397974
35	1	7	0.977317214
36	1	7	0.9765273929
37	1	7	0.9766913056
38	1	7	0.9765262604
39	1	7	0.9766797423
40	1	7	0.9762784839
41	1	7	0.9772168994
42	1	7	0.9771568775
43	1	7	0.9772428274
44	1	7	0.9766928554
45	1	7	0.9766768813
46	1	7	0.9763573408
47	1	7	0.9769422412
48	1	7	0.9767166376
49	1	7	0.9771547318
50	1	7	0.9764807224
51	1	7	0.977072835
52	1	7	0.9769746065
53	1	7	0.9755852222
54	1	7	0.9769560695
55	1	7	0.9765485525
56	1	7	0.9765455127
57	1	7	0.9772360325
58	1	7	0.9763887525
59	1	7	0.9772526026
60	1	7	0.9764736891
61	1	7	0.9772062302
62	1	7	0.9765950441
63	1	7	0.9769359231
64	1	7	0.9762762785
65	1	7	0.9765952229
66	1	7	0.9757867455
67	1	7	0.975677371
68	1	7	0.9769363403
69	1	7	0.9761040211
70	1	7	0.9756234884
71	1	7	0.9762217999
72	1	7	0.9762673974
73	1	7	0.976906538
74	1	7	0.9765348434
75	1	7	0.977252543
76	1	7	0.9770594239
77	1	7	0.9763831496
78	1	7	0.9763752222
79	1	7	0.9764370918
80	1	7	0.9759427905
81	1	7	0.9759705663
82	1	7	0.9759551883
83	1	7	0.9751424193
84	1	7	0.9761115909
85	1	7	0.975882113
86	1	7	0.9762125015
87	1	7	0.9759547114
88	1	7	0.976041317
89	1	7	0.9762462974
90	1	7	0.9760123491
91	1	7	0.9766469002
92	1	7	0.9770137668
93	1	7	0.9769616723
94	1	7	0.9762836099
95	1	7	0.9760775566
96	1	7	0.9748741984
97	1	7	0.9749070406
98	1	7	0.976210475
99	1	7	0.9746207595
100	1	7	0.9750115275
101	1	7	0.973967135
102	1	7	0.9759104252
103	1	7	0.9763137698
104	1	7	0.9749484062
105	1	7	0.9753797054
106	1	7	0.9753071666
107	1	7	0.9765542746
108	1	7	0.9761719108
109	1	7	0.976791501
110	1	7	0.9771609306
111	1	7	0.976213336
112	1	7	0.976072371
113	1	7	0.9761934876
114	1	7	0.9752835631
115	1	7	0.9729512334
116	1	7	0.9716255069
117	1	7	0.9723752141
118	1	7	0.9724769592
119	1	7	0.9676830769
120	1	7	0.9725857377
121	1	7	0.9690420032
122	1	7	0.9734793901
123	1	7	0.9731575847
124	1	7	0.9751617312
125	1	7	0.9761041999
126	1	7	0.9763361812
127	1	7	0.9762547016
128	1	7	0.9765930176
129	1	7	0.9772046804
132	1	7	0.9767426252
133	1	7	0.9761585593
134	1	7	0.9764937758
135	1	7	0.9766178131
136	1	7	0.9759139419
137	1	7	0.9734811783
138	1	7	0.9742816687
139	1	7	0.9677730799
140	1	7	0.9689705968
141	1	7	0.9639740586
142	1	7	0.9620237947
143	1	7	0.9678573012
144	1	7	0.9673601985
145	1	7	0.9700630903
146	1	7	0.9716647267
147	1	7	0.9732668996
148	1	7	0.976454556
149	1	7	0.9744998217
150	1	7	0.9765056968
151	1	7	0.9758529663
152	1	7	0.9766884446
153	1	7	0.9769984484
155	1	7	0.9771721959
156	1	7	0.9770964384
157	1	7	0.9757120609
158	1	7	0.9758571982
159	1	7	0.976011157
160	1	7	0.9717009068
161	1	7	0.9662582874
162	1	7	0.9693860412
163	1	7	0.9632223248
164	1	7	0.962156713
165	1	7	0.956636548
166	1	7	0.9410274625
167	1	7	0.9633777142
168	1	7	0.9605721831
169	1	7	0.962934792
170	1	7	0.9705664515
171	1	7	0.9695410132
172	1	7	0.9729850292
173	1	7	0.9761222601
174	1	7	0.9755169749
175	1	7	0.9760729074
176	1	7	0.9762928486
177	1	7	0.9762274623
178	1	7	0.9766952991
179	1	7	0.9774923921
180	1	7	0.9769053459
181	1	7	0.976654768
182	1	7	0.9764565825
183	1	7	0.9765869379
184	1	7	0.9756987691
185	1	7	0.9723226428
186	1	7	0.9657769799
187	1	7	0.9668718576
188	1	7	0.9645816088
189	1	7	0.9484587908
190	1	7	0.9501401186
191	1	7	0.9489745498
192	1	7	0.8565993309
193	1	7	0.9494373798
194	1	7	0.9527437687
195	1	7	0.9438151717
196	1	7	0.9601305127
197	1	7	0.9652708173
198	1	7	0.9651399255
199	1	7	0.9711959362
200	1	7	0.9754828215
201	1	7	0.97653234
202	1	7	0.9761635065
203	1	7	0.976469934
204	1	7	0.9770503044
205	1	7	0.977271378
206	1	7	0.9771342278
207	1	7	0.9770622253
208	1	7	0.9776910543
209	1	7	0.9779374599
210	1	7	0.9766771197
211	1	7	0.9767757058
212	1	7	0.9770934582
213	1	7	0.9752015471
214	1	7	0.973918736
215	1	7	0.9729560018
216	1	7	0.9669308662
217	1	7	0.9605642557
218	1	7	0.9464724064
219	1	7	0.8561179638
220	1	7	0.8618761301
221	1	7	0.8850972056
222	1	7	0.8616513014
223	1	7	0.8697725534
224	1	7	0.8732978106
225	1	7	0.8740052581
226	1	7	0.9431368709
227	1	7	0.9617604017
228	1	7	0.9680242538
229	1	7	0.9707181454
230	1	7	0.9723770618
231	1	7	0.9760280848
232	1	7	0.9757594466
233	1	7	0.9765172005
234	1	7	0.9763643742
235	1	7	0.9768635035
236	1	7	0.9774073362
237	1	7	0.9767346978
238	1	7	0.9773649573
239	1	7	0.9777655005
240	1	7	0.9762390852
241	1	7	0.9758302569
242	1	7	0.9758735299
243	1	7	0.9753838778
244	1	7	0.9728394747
245	1	7	0.9684280157
246	1	7	0.9627863765
247	1	7	0.9482779503
248	1	7	0.8658511639
249	1	7	0.8570272326
250	1	7	0.7902254462
251	1	7	0.8202121258
252	1	7	0.8262686133
253	1	7	0.7460143566
254	1	7	0.8593057394
255	1	7	0.9122949839
256	1	7	0.9409726262
257	1	7	0.9593334794
258	1	7	0.9606769681
259	1	7	0.9683665037
260	1	7	0.9733947515
261	1	7	0.9746841788
262	1	7	0.9757124782
263	1	7	0.9762573838
264	1	7	0.9760042429
265	1	7	0.9769014716
266	1	7	0.9768363237
267	1	7	0.9771943688
268	1	7	0.9773850441
269	1	7	0.9765277505
270	1	7	0.9761595726
271	1	7	0.9764758348
272	1	7	0.9748919606
273	1	7	0.9711509943
274	1	7	0.9682442546
275	1	7	0.9633854628
276	1	7	0.9471801519
277	1	7	0.87725389
278	1	7	0.7887460589
279	1	7	0.8587737083
280	1	7	0.8420536518
281	1	7	0.8326838613
282	1	7	0.8535114527
283	1	7	0.8924463391
284	1	7	0.9423795342
285	1	7	0.95680058
286	1	7	0.9448674321
287	1	7	0.9605947137
288	1	7	0.9650274515
289	1	7	0.9726997018
290	1	7	0.9750541449
291	1	7	0.9761826992
292	1	7	0.9790623784
293	1	7	0.97676301
294	1	7	0.9770385027
295	1	7	0.9768967032
296	1	7	0.9768029451
297	1	7	0.9768384695
298	1	7	0.9753733873
299	1	7	0.971801877
300	1	7	0.9666714072
301	1	7	0.9554607272
302	1	7	0.9480522871
303	1	7	0.8858498335
304	1	7	0.7595017552
305	1	7	0.9190521836
306	1	7	0.8848993182
307	1	7	0.8210723996
308	1	7	0.8089633584
309	1	7	0.8496796489
310	1	7	0.7546434999
311	1	7	0.8894437551
312	1	7	0.952619493
313	1	7	0.9592306018
314	1	7	0.9664230347
315	1	7	0.9724780321
316	1	7	0.9757464528
317	1	7	0.9766597748
318	1	7	0.9765391946
319	1	7	0.9766420722
320	1	7	0.9763646722
321	1	7	0.9767990708
322	1	7	0.977124393
323	1	7	0.9761071801
324	1	7	0.9722363353
325	1	7	0.9657090306
326	1	7	0.9553613067
327	1	7	0.9438924789
328	1	7	0.8775028586
329	1	7	0.7474258542
330	1	7	0.6756299138
331	1	7	0.4800379872
332	1	7	0.8741280437
333	1	7	0.9496203661
334	1	7	0.962886095
335	1	7	0.9514728189
336	1	7	0.931535244
337	1	7	0.8700041175
338	1	7	0.9502209425
339	1	7	0.9636223912
340	1	7	0.9685544372
341	1	7	0.9751955867
342	1	7	0.9759962559
343	1	7	0.9752585292
344	1	7	0.9763900042
345	1	7	0.9770758152
346	1	7	0.9764807224
347	1	7	0.9767274261
348	1	7	0.9753825068
349	1	7	0.9756678343
350	1	7	0.9741761088
351	1	7	0.9671778679
352	1	7	0.96105057
353	1	7	0.9537881613
354	1	7	0.8715227246
355	1	7	0.8049803376
356	1	7	0.5701819658
357	1	7	0.3513533473
358	1	7	0.4184190333
359	1	7	0.7556958795
360	1	7	0.8869049549
361	1	7	0.9152830243
362	1	7	0.9648293853
363	1	7	0.9689263701
364	1	7	0.9589324594
365	1	7	0.9652429819
366	1	7	0.972304225
367	1	7	0.9759216309
368	1	7	0.9754959941
369	1	7	0.9767430425
370	1	7	0.9761432409
371	1	7	0.9749907851
372	1	7	0.9732481837
373	1	7	0.9681284428
374	1	7	0.9647145271
375	1	7	0.9412982464
376	1	7	0.8597330451
377	1	7	0.8425527811
378	1	7	0.5383117795
379	1	7	0.5285789371
380	1	7	0.5695391297
381	1	7	0.5751487613
382	1	7	0.5917925239
383	1	7	0.7404742241
384	1	7	0.8537778854
385	1	7	0.9430149198
386	1	7	0.9587715864
387	1	7	0.9657582045
388	1	7	0.9712603688
389	1	7	0.9759367108
390	1	7	0.9765205979
391	1	7	0.975810945
392	1	7	0.9756423831
393	1	7	0.9658632278
394	1	7	0.9594548345
395	1	7	0.9462772012
396	1	7	0.9464631081
397	1	7	0.8673180342
398	1	7	0.772560358
399	1	7	0.7500402927
400	1	7	0.7431631088
401	1	7	0.7614163756
402	1	7	0.8673045039
403	1	7	0.9494987726
404	1	7	0.9481890798
405	1	7	0.9617732763
406	1	7	0.9679878354
407	1	7	0.9801653624
408	1	7	0.9762339592
409	1	7	0.9754527211
410	1	7	0.9745565057
411	1	7	0.9728003144
412	1	7	0.9670815468
413	1	7	0.9596913457
414	1	7	0.9459413886
415	1	7	0.9497796297
416	1	7	0.8714777827
417	1	7	0.8706297278
418	1	7	0.8672227859
419	1	7	0.8652220964
420	1	7	0.9451042414
421	1	7	0.9437376261
422	1	7	0.9583619833
423	1	7	0.9678332806
424	1	7	0.9730602503
425	1	7	0.9749891162
426	1	7	0.9750880599
427	1	7	0.9752796292
428	1	7	0.9772152305
429	1	7	0.9770271182
430	1	7	0.9752588868
431	1	7	0.9739274383
432	1	7	0.9672257304
433	1	7	0.9689076543
434	1	7	0.9612803459
435	1	7	0.9491026402
436	1	7	0.941043973
437	1	7	0.9486354589
438	1	7	0.9445911646
439	1	7	0.9444103241
440	1	7	0.9478959441
441	1	7	0.9420249462
442	1	7	0.961011827
443	1	7	0.965616405
444	1	7	0.96553725
445	1	7	0.9715706706
446	1	7	0.9763781428
447	1	7	0.9742017984
448	1	7	0.9698483944
449	1	7	0.9627484679
450	1	7	0.9616648555
451	1	7	0.9627802968
452	1	7	0.9613329172
453	1	7	0.9590037465
454	1	7	0.9752013683
455	1	7	0.9738889337
456	1	7	0.9691056013
457	1	7	0.9695107341
458	1	7	0.9698745608
459	1	7	0.969109714
460	1	7	0.9742852449
461	1	7	0.9745588303
462	1	7	0.9736179113
463	1	7	0.9721442461
464	1	7	0.9722080827
465	1	7	0.975186348
466	1	7	0.9751841426
467	1	7	0.9747190475
468	1	7	0.9751428962
469	1	7	0.9755535126
470	1	7	0.9763545394
471	1	7	0.9755421281
472	1	7	0.9760069251
2	1	8	0.9736914039
3	1	8	0.9742575288
4	1	8	0.9737843871
5	1	8	0.9736866355
6	1	8	0.9736974239
7	1	8	0.9738680124
9	1	8	0.9742283225
10	1	8	0.9740343094
11	1	8	0.9740405679
12	1	8	0.9738032818
13	1	8	0.9739354253
14	1	8	0.973808825
15	1	8	0.9741303921
16	1	8	0.9731943607
17	1	8	0.9741390944
18	1	8	0.97448349
19	1	8	0.9741589427
20	1	8	0.9731655717
21	1	8	0.9734095931
22	1	8	0.9733124971
23	1	8	0.9734060764
24	1	8	0.9738822579
25	1	8	0.9739112258
26	1	8	0.9739279747
27	1	8	0.9740388989
28	1	8	0.9738861918
29	1	8	0.9739298224
30	1	8	0.9741870165
31	1	8	0.9741170406
32	1	8	0.9739353657
33	1	8	0.9730439782
34	1	8	0.9736891389
35	1	8	0.9741190672
36	1	8	0.9732194543
37	1	8	0.973406136
38	1	8	0.973218143
39	1	8	0.973393023
40	1	8	0.972935915
41	1	8	0.9740048647
42	1	8	0.9739364386
43	1	8	0.974034369
44	1	8	0.9734079242
45	1	8	0.9733897448
46	1	8	0.9730257988
47	1	8	0.9736919999
48	1	8	0.9734349847
49	1	8	0.9739339948
50	1	8	0.9731662869
51	1	8	0.9738407135
52	1	8	0.9737288356
53	1	8	0.9721463919
54	1	8	0.9737077355
55	1	8	0.9732435942
56	1	8	0.9732400775
57	1	8	0.9740266204
58	1	8	0.973061502
59	1	8	0.9740455151
60	1	8	0.9731582403
61	1	8	0.9739926457
62	1	8	0.9732964635
63	1	8	0.9736847878
64	1	8	0.9729334116
65	1	8	0.9732967019
66	1	8	0.9723759294
67	1	8	0.9722513556
68	1	8	0.9736852646
69	1	8	0.9727372527
70	1	8	0.9721899629
71	1	8	0.9728713632
72	1	8	0.9729233384
73	1	8	0.9736512899
74	1	8	0.9732279181
75	1	8	0.9740453959
76	1	8	0.9738254547
77	1	8	0.9730551839
78	1	8	0.973046124
79	1	8	0.9731165767
80	1	8	0.9725536108
81	1	8	0.9725852609
82	1	8	0.9725677371
83	1	8	0.9716421366
84	1	8	0.9727458358
85	1	8	0.972484529
86	1	8	0.9728607535
87	1	8	0.9725672007
88	1	8	0.9726658463
89	1	8	0.9728992581
90	1	8	0.972632885
91	1	8	0.9733555913
92	1	8	0.9737734795
93	1	8	0.9737141132
94	1	8	0.9729417562
95	1	8	0.9727070928
96	1	8	0.9713367224
97	1	8	0.9713740945
98	1	8	0.9728584886
99	1	8	0.9710481167
100	1	8	0.9714930654
101	1	8	0.9703038931
102	1	8	0.9725167155
103	1	8	0.9729761481
104	1	8	0.9714211822
105	1	8	0.9719123244
106	1	8	0.971829772
107	1	8	0.9732500911
108	1	8	0.9728145599
109	1	8	0.9735202193
110	1	8	0.9739410281
111	1	8	0.9728617668
112	1	8	0.9727011919
113	1	8	0.9728391767
114	1	8	0.9718028307
115	1	8	0.9691473246
116	1	8	0.9676382542
117	1	8	0.9684916139
118	1	8	0.9686074257
119	1	8	0.9631524682
120	1	8	0.9687312245
121	1	8	0.9646983743
122	1	8	0.9697486162
123	1	8	0.9693822265
124	1	8	0.9716641307
125	1	8	0.9727374315
126	1	8	0.9730016589
127	1	8	0.9729088545
128	1	8	0.9732941985
129	1	8	0.9739908576
132	1	8	0.9734646082
133	1	8	0.9727993608
134	1	8	0.9731811881
135	1	8	0.9733223915
136	1	8	0.972520709
137	1	8	0.9697505832
138	1	8	0.9706619978
139	1	8	0.9632548094
140	1	8	0.9646171331
141	1	8	0.9589345455
142	1	8	0.9567176104
143	1	8	0.963350594
144	1	8	0.9627851844
145	1	8	0.965860188
146	1	8	0.967682898
147	1	8	0.969506681
148	1	8	0.9731364846
149	1	8	0.97091043
150	1	8	0.973194778
151	1	8	0.9724513292
152	1	8	0.9734028578
153	1	8	0.9737559557
155	1	8	0.9739539027
156	1	8	0.9738675952
157	1	8	0.9722908139
158	1	8	0.9724561572
159	1	8	0.9726315141
160	1	8	0.9677240849
161	1	8	0.9615319371
162	1	8	0.965089798
163	1	8	0.9580799341
164	1	8	0.9568687081
165	1	8	0.9505972266
166	1	8	0.9328916073
167	1	8	0.9582566023
168	1	8	0.9550679922
169	1	8	0.9577531219
170	1	8	0.9664329886
171	1	8	0.9652661085
172	1	8	0.9691857696
173	1	8	0.9727579951
174	1	8	0.972068727
175	1	8	0.9727017879
176	1	8	0.9729523063
177	1	8	0.9728778601
178	1	8	0.973410666
179	1	8	0.9743186235
180	1	8	0.973649919
181	1	8	0.973364532
182	1	8	0.9731387496
183	1	8	0.9732872248
184	1	8	0.9722756743
185	1	8	0.9684317708
186	1	8	0.9609845281
187	1	8	0.9622297287
188	1	8	0.9596253037
189	1	8	0.9413158894
190	1	8	0.9432231784
191	1	8	0.9419009686
192	1	8	0.8378659487
193	1	8	0.9424259663
194	1	8	0.946177721
195	1	8	0.9360506535
196	1	8	0.9545661211
197	1	8	0.960408926
198	1	8	0.9602601528
199	1	8	0.9671493769
200	1	8	0.9720298052
201	1	8	0.9732250571
202	1	8	0.9728049636
203	1	8	0.9731540084
204	1	8	0.9738150835
205	1	8	0.9740668535
206	1	8	0.9739106297
207	1	8	0.9738286734
208	1	8	0.9745449424
209	1	8	0.9748256207
210	1	8	0.9733899832
211	1	8	0.9735022783
212	1	8	0.9738642573
213	1	8	0.9717094302
214	1	8	0.9702487588
215	1	8	0.9691527486
216	1	8	0.9622968435
217	1	8	0.9550589919
218	1	8	0.9390631914
219	1	8	0.8373278975
220	1	8	0.8437672853
221	1	8	0.8697977066
222	1	8	0.8435157537
223	1	8	0.8526079655
224	1	8	0.8565584421
225	1	8	0.8573514819
226	1	8	0.9352819324
227	1	8	0.9564183354
228	1	8	0.963540554
229	1	8	0.9666056037
230	1	8	0.9684937
231	1	8	0.9726507068
232	1	8	0.9723447561
233	1	8	0.9732078314
234	1	8	0.9730337262
235	1	8	0.9736022949
236	1	8	0.974221766
237	1	8	0.9734555483
238	1	8	0.9741734862
239	1	8	0.9746297598
240	1	8	0.9728910923
241	1	8	0.9724254608
242	1	8	0.9724747539
243	1	8	0.9719171524
244	1	8	0.9690201283
245	1	8	0.9639998078
246	1	8	0.9575843811
247	1	8	0.9411107302
248	1	8	0.848216176
249	1	8	0.838344276
250	1	8	0.7640891075
251	1	8	0.7973150015
252	1	8	0.8040469885
253	1	8	0.7154317498
254	1	8	0.8408920765
255	1	8	0.9004100561
256	1	8	0.9328294992
257	1	8	0.9536605477
258	1	8	0.9551870227
259	1	8	0.963929832
260	1	8	0.9696522355
261	1	8	0.9711202979
262	1	8	0.9722912908
263	1	8	0.9729118943
264	1	8	0.9726235867
265	1	8	0.9736455083
266	1	8	0.9735713005
267	1	8	0.9739791751
268	1	8	0.9741963744
269	1	8	0.9732198715
270	1	8	0.9728004932
271	1	8	0.9731606841
272	1	8	0.9713569283
273	1	8	0.9670982361
274	1	8	0.963790834
275	1	8	0.9582654238
276	1	8	0.9398657084
277	1	8	0.8609944582
278	1	8	0.7624545097
279	1	8	0.8402970433
280	1	8	0.8216257095
281	1	8	0.8111854792
282	1	8	0.8344150782
283	1	8	0.878056407
284	1	8	0.9344236851
285	1	8	0.9507835507
286	1	8	0.9372435212
287	1	8	0.9550936222
288	1	8	0.9601322412
289	1	8	0.9688609838
290	1	8	0.9715415835
291	1	8	0.9728268981
292	1	8	0.9761072993
293	1	8	0.973487854
294	1	8	0.9738016129
295	1	8	0.9736400843
296	1	8	0.9735333323
297	1	8	0.9735737443
298	1	8	0.9719051719
299	1	8	0.9678390026
300	1	8	0.9620017409
301	1	8	0.9492619634
302	1	8	0.9408548474
303	1	8	0.8706430197
304	1	8	0.7302330136
305	1	8	0.9080359936
306	1	8	0.8695755005
307	1	8	0.798270762
308	1	8	0.7848303914
309	1	8	0.8301352262
310	1	8	0.7248971462
311	1	8	0.8746810555
312	1	8	0.9460366368
313	1	8	0.953543663
314	1	8	0.9617192149
315	1	8	0.9686086178
316	1	8	0.9723300338
317	1	8	0.9733701944
318	1	8	0.9732328653
319	1	8	0.9733500481
320	1	8	0.9730340838
321	1	8	0.973528862
322	1	8	0.9738994241
323	1	8	0.9727408886
324	1	8	0.9683335423
325	1	8	0.9609072208
326	1	8	0.9491491318
327	1	8	0.9361383319
328	1	8	0.861273706
329	1	8	0.7169789672
330	1	8	0.6388244629
331	1	8	0.4322584867
332	1	8	0.857489109
333	1	8	0.9426335096
334	1	8	0.9576977491
335	1	8	0.9447353482
336	1	8	0.9221449494
337	1	8	0.8528673649
338	1	8	0.9433149099
339	1	8	0.9585347772
340	1	8	0.9641436934
341	1	8	0.9717026949
342	1	8	0.9726145267
343	1	8	0.9717743397
344	1	8	0.9730629325
345	1	8	0.973844111
346	1	8	0.9731662869
347	1	8	0.9734472632
348	1	8	0.9719155431
349	1	8	0.972240448
350	1	8	0.9705418348
351	1	8	0.9625777602
352	1	8	0.9556116462
353	1	8	0.9473631382
354	1	8	0.8545689583
355	1	8	0.7804157734
356	1	8	0.5262089968
357	1	8	0.3025870919
358	1	8	0.3694502413
359	1	8	0.7260525823
360	1	8	0.8718283176
361	1	8	0.9037812352
362	1	8	0.9599070549
363	1	8	0.9645668268
364	1	8	0.9532049894
365	1	8	0.9603772759
366	1	8	0.96841079
367	1	8	0.9725295305
368	1	8	0.9720447659
369	1	8	0.973465085
370	1	8	0.9727818966
371	1	8	0.9714695215
372	1	8	0.9694853425
373	1	8	0.9636590481
374	1	8	0.9597764015
375	1	8	0.933198452
376	1	8	0.8413699269
377	1	8	0.8221823573
378	1	8	0.492731303
379	1	8	0.482563138
380	1	8	0.5255310535
381	1	8	0.531450808
382	1	8	0.5490630865
383	1	8	0.7093629837
384	1	8	0.8347127438
385	1	8	0.9351437092
386	1	8	0.9530222416
387	1	8	0.96096313
388	1	8	0.9672226906
389	1	8	0.9725466967
390	1	8	0.9732116461
391	1	8	0.9724034667
392	1	8	0.9722115397
393	1	8	0.9610825777
394	1	8	0.9537984729
395	1	8	0.9388418198
396	1	8	0.9390526414
397	1	8	0.8498587012
398	1	8	0.7445995212
399	1	8	0.719845891
400	1	8	0.712307632
401	1	8	0.7323372364
402	1	8	0.8498435616
403	1	8	0.9424955249
404	1	8	0.9410099983
405	1	8	0.9564329386
406	1	8	0.9634991288
407	1	8	0.9773641229
408	1	8	0.972885251
409	1	8	0.9719954729
410	1	8	0.9709749222
411	1	8	0.9689754844
412	1	8	0.9624682069
413	1	8	0.9540671706
414	1	8	0.9384610653
415	1	8	0.9428141713
416	1	8	0.8545185924
417	1	8	0.8535683155
418	1	8	0.8497520089
419	1	8	0.8475119472
420	1	8	0.9375119805
421	1	8	0.9359628558
422	1	8	0.9525569677
423	1	8	0.9633232951
424	1	8	0.9692714214
425	1	8	0.9714675546
426	1	8	0.971580267
427	1	8	0.97179842
428	1	8	0.9740029573
429	1	8	0.973788619
430	1	8	0.9717747569
431	1	8	0.9702587128
432	1	8	0.9626321793
433	1	8	0.964545548
434	1	8	0.9558727741
435	1	8	0.9420462251
436	1	8	0.9329103231
437	1	8	0.9415162802
438	1	8	0.9369303584
439	1	8	0.9367253184
440	1	8	0.9406775236
441	1	8	0.9340218306
442	1	8	0.9555675983
443	1	8	0.960801959
444	1	8	0.9607118964
445	1	8	0.9675758481
446	1	8	0.9730494618
447	1	8	0.9705710411
448	1	8	0.9656158686
449	1	8	0.9575413465
450	1	8	0.9563097358
451	1	8	0.9575775266
452	1	8	0.9559324384
453	1	8	0.9532859921
454	1	8	0.971709311
455	1	8	0.9702149034
456	1	8	0.9647707343
457	1	8	0.965231657
458	1	8	0.9656456709
459	1	8	0.9647753835
460	1	8	0.9706661105
461	1	8	0.9709776044
462	1	8	0.9699063301
463	1	8	0.9682286978
464	1	8	0.9683013558
465	1	8	0.9716922045
466	1	8	0.9716896415
467	1	8	0.9711600542
468	1	8	0.971642673
469	1	8	0.9721102715
470	1	8	0.9730225801
471	1	8	0.9720973372
472	1	8	0.9726266265
2	1	9	0.9704518914
3	1	9	0.9710866809
4	1	9	0.9705560803
5	1	9	0.970446527
6	1	9	0.9704586267
7	1	9	0.9706498981
9	1	9	0.9710538983
10	1	9	0.9708363414
11	1	9	0.9708433747
12	1	9	0.9705772996
13	1	9	0.9707255363
14	1	9	0.9705834985
15	1	9	0.9709441066
16	1	9	0.969894588
17	1	9	0.9709538221
18	1	9	0.9713400602
19	1	9	0.9709761143
20	1	9	0.9698622823
21	1	9	0.9701358676
22	1	9	0.9700270295
23	1	9	0.9701319337
24	1	9	0.9706658721
25	1	9	0.9706983566
26	1	9	0.9707171321
27	1	9	0.970841527
28	1	9	0.9706702828
29	1	9	0.9707192183
30	1	9	0.9710075855
31	1	9	0.9709291458
32	1	9	0.9707254171
33	1	9	0.9697259665
34	1	9	0.9704493284
35	1	9	0.9709314108
36	1	9	0.9699227214
37	1	9	0.9701319933
38	1	9	0.9699212313
39	1	9	0.9701172709
40	1	9	0.9696048498
41	1	9	0.9708033204
42	1	9	0.9707266092
43	1	9	0.970836401
44	1	9	0.9701340199
45	1	9	0.9701136351
46	1	9	0.9697055817
47	1	9	0.9704524875
48	1	9	0.9701644182
49	1	9	0.970723927
50	1	9	0.9698631167
51	1	9	0.9706193209
52	1	9	0.9704937935
53	1	9	0.9687197208
54	1	9	0.97047019
55	1	9	0.9699497223
56	1	9	0.9699457884
57	1	9	0.9708277583
58	1	9	0.969745636
59	1	9	0.970848918
60	1	9	0.9698541164
61	1	9	0.9707896709
62	1	9	0.9700090885
63	1	9	0.9704444408
64	1	9	0.9696019888
65	1	9	0.9700093269
66	1	9	0.9689769745
67	1	9	0.9688373804
68	1	9	0.9704449773
69	1	9	0.9693821073
70	1	9	0.968768537
71	1	9	0.9695324898
72	1	9	0.9695907235
73	1	9	0.9704068899
74	1	9	0.9699321985
75	1	9	0.9708487988
76	1	9	0.9706021547
77	1	9	0.9697384834
78	1	9	0.9697284102
79	1	9	0.9698073864
80	1	9	0.9691762328
81	1	9	0.9692116976
82	1	9	0.9691920877
83	1	9	0.9681544304
84	1	9	0.9693917632
85	1	9	0.9690987468
86	1	9	0.9695205688
87	1	9	0.969191432
88	1	9	0.9693019986
89	1	9	0.9695637226
90	1	9	0.9692650437
91	1	9	0.9700753093
92	1	9	0.9705438614
93	1	9	0.9704773426
94	1	9	0.9696113467
95	1	9	0.9693483114
96	1	9	0.9678120613
97	1	9	0.9678539634
98	1	9	0.9695180058
99	1	9	0.9674885869
100	1	9	0.967987299
101	1	9	0.9666544199
102	1	9	0.9691348672
103	1	9	0.9696499109
104	1	9	0.9679067731
105	1	9	0.9684573412
106	1	9	0.9683647752
107	1	9	0.9699570537
108	1	9	0.9694687724
109	1	9	0.9702599645
110	1	9	0.9707317948
111	1	9	0.9695217013
112	1	9	0.9693416953
113	1	9	0.9694963694
114	1	9	0.9683345556
115	1	9	0.9653583169
116	1	9	0.9636673927
117	1	9	0.9646235108
118	1	9	0.9647532701
119	1	9	0.9586430192
120	1	9	0.9648920298
121	1	9	0.9603741765
122	1	9	0.9660320878
123	1	9	0.9656214714
124	1	9	0.9681791067
125	1	9	0.9693822861
126	1	9	0.9696785212
127	1	9	0.9695745111
128	1	9	0.9700065255
129	1	9	0.9707876444
132	1	9	0.9701975584
133	1	9	0.9694516659
134	1	9	0.969879806
135	1	9	0.970038116
136	1	9	0.9691393375
137	1	9	0.9660343528
138	1	9	0.9670557976
139	1	9	0.9587576389
140	1	9	0.9602832198
141	1	9	0.9539213777
142	1	9	0.9514407516
143	1	9	0.9588649273
144	1	9	0.9582317472
145	1	9	0.9616754651
146	1	9	0.963717401
147	1	9	0.9657609463
148	1	9	0.9698297381
149	1	9	0.9673342109
150	1	9	0.9698950052
151	1	9	0.9690615535
152	1	9	0.9701283574
153	1	9	0.9705242515
155	1	9	0.9707462192
156	1	9	0.9706494212
157	1	9	0.9688816071
158	1	9	0.9690669775
159	1	9	0.9692635536
160	1	9	0.9637635946
161	1	9	0.9568286538
162	1	9	0.9608126283
163	1	9	0.9529650211
164	1	9	0.9516097903
165	1	9	0.9445959926
166	1	9	0.9248261452
167	1	9	0.9531627297
168	1	9	0.9495953321
169	1	9	0.9525993466
170	1	9	0.9623171091
171	1	9	0.9610100985
172	1	9	0.9654013515
173	1	9	0.9694053531
174	1	9	0.9686325788
175	1	9	0.969342351
176	1	9	0.969623208
177	1	9	0.9695397019
178	1	9	0.9701371193
179	1	9	0.9711551666
180	1	9	0.9704053998
181	1	9	0.9700853229
182	1	9	0.9698322415
183	1	9	0.9699987173
184	1	9	0.9688646197
185	1	9	0.9645564556
186	1	9	0.9562159181
187	1	9	0.9576098323
188	1	9	0.9546945095
189	1	9	0.9342268109
190	1	9	0.9363566041
191	1	9	0.9348800182
192	1	9	0.8195422888
193	1	9	0.9354662895
194	1	9	0.9396569133
195	1	9	0.928350091
196	1	9	0.9490339756
197	1	9	0.9555715919
198	1	9	0.9554049969
199	1	9	0.9631196856
200	1	9	0.9685890079
201	1	9	0.9699289799
202	1	9	0.969457984
203	1	9	0.9698493481
204	1	9	0.9705905318
205	1	9	0.970872879
206	1	9	0.970697701
207	1	9	0.9706057906
208	1	9	0.9714089632
209	1	9	0.9717237353
210	1	9	0.9701139331
211	1	9	0.9702398777
212	1	9	0.9706456661
213	1	9	0.9682298899
214	1	9	0.9665926695
215	1	9	0.9653643966
216	1	9	0.9576849937
217	1	9	0.949585259
218	1	9	0.9317119718
219	1	9	0.8189502358
220	1	9	0.8260389566
221	1	9	0.8547626734
222	1	9	0.8257619143
223	1	9	0.8357820511
224	1	9	0.8401399255
225	1	9	0.8410150409
226	1	9	0.9274923801
227	1	9	0.9511058927
228	1	9	0.9590775967
229	1	9	0.9625105262
230	1	9	0.964625895
231	1	9	0.9692850709
232	1	9	0.9689421058
233	1	9	0.969909668
234	1	9	0.9697145224
235	1	9	0.9703519344
236	1	9	0.971046567
237	1	9	0.9701874256
238	1	9	0.9709924459
239	1	9	0.9715040326
240	1	9	0.9695545435
241	1	9	0.9690325856
242	1	9	0.9690877795
243	1	9	0.9684627056
244	1	9	0.9652157426
245	1	9	0.9595919251
246	1	9	0.9524105787
247	1	9	0.9339977503
248	1	9	0.8309403658
249	1	9	0.8200686574
250	1	9	0.738817215
251	1	9	0.7750570774
252	1	9	0.7824229598
253	1	9	0.6861028671
254	1	9	0.8228729367
255	1	9	0.8886799216
256	1	9	0.9247568846
257	1	9	0.9480211735
258	1	9	0.9497284889
259	1	9	0.959513545
260	1	9	0.9659240842
261	1	9	0.96756953
262	1	9	0.9688821435
263	1	9	0.9695779085
264	1	9	0.9692546725
265	1	9	0.970400393
266	1	9	0.9703172445
267	1	9	0.9707745314
268	1	9	0.9710180759
269	1	9	0.9699231982
270	1	9	0.9694530368
271	1	9	0.9698568583
272	1	9	0.9678347111
273	1	9	0.963062346
274	1	9	0.9593578577
275	1	9	0.9531725645
276	1	9	0.9326078296
277	1	9	0.8450363874
278	1	9	0.7370393872
279	1	9	0.8222179413
280	1	9	0.8016933203
281	1	9	0.7902421355
282	1	9	0.8157458901
283	1	9	0.8638985157
284	1	9	0.9265349507
285	1	9	0.9448043108
286	1	9	0.9296811223
287	1	9	0.949624002
288	1	9	0.9552618265
289	1	9	0.9650374055
290	1	9	0.968041718
291	1	9	0.9694825411
292	1	9	0.9731611609
293	1	9	0.9702236056
294	1	9	0.9705754519
295	1	9	0.9703943133
296	1	9	0.9702746272
297	1	9	0.9703199267
298	1	9	0.968449235
299	1	9	0.9638922811
300	1	9	0.9573546052
301	1	9	0.9431034923
302	1	9	0.9337120652
303	1	9	0.8556972742
304	1	9	0.7020921707
305	1	9	0.8971518278
306	1	9	0.854516983
307	1	9	0.7761023641
308	1	9	0.7614173889
309	1	9	0.8110402822
310	1	9	0.6963233352
311	1	9	0.860163331
312	1	9	0.939499259
313	1	9	0.9478904605
314	1	9	0.957038343
315	1	9	0.9647546411
316	1	9	0.9689255953
317	1	9	0.9700917006
318	1	9	0.9699377418
319	1	9	0.9700691104
320	1	9	0.96971488
321	1	9	0.9702696204
322	1	9	0.9706851244
323	1	9	0.9693861604
324	1	9	0.9644464254
325	1	9	0.9561293125
326	1	9	0.9429773688
327	1	9	0.9284478426
328	1	9	0.8453446627
329	1	9	0.6877723336
330	1	9	0.6040240526
331	1	9	0.3892346323
332	1	9	0.8411669731
333	1	9	0.935698092
334	1	9	0.9525373578
335	1	9	0.9380455613
336	1	9	0.9128493071
337	1	9	0.8360681534
338	1	9	0.9364590049
339	1	9	0.9534739852
340	1	9	0.9597529769
341	1	9	0.9682223201
342	1	9	0.9692444801
343	1	9	0.9683026671
344	1	9	0.9697472453
345	1	9	0.9706231356
346	1	9	0.9698631167
347	1	9	0.9701781273
348	1	9	0.9684609175
349	1	9	0.9688251615
350	1	9	0.9669210911
351	1	9	0.9579995275
352	1	9	0.9502034783
353	1	9	0.9409814477
354	1	9	0.8379449844
355	1	9	0.7566007972
356	1	9	0.485627234
357	1	9	0.2605893612
358	1	9	0.3262123764
359	1	9	0.6975720525
360	1	9	0.8570079207
361	1	9	0.8924239874
362	1	9	0.9550097585
363	1	9	0.9602268934
364	1	9	0.9475117326
365	1	9	0.9555361271
366	1	9	0.9645329714
367	1	9	0.9691491723
368	1	9	0.9686058164
369	1	9	0.9701980948
370	1	9	0.9694321752
371	1	9	0.9679608941
372	1	9	0.9657371044
373	1	9	0.9592102766
374	1	9	0.9548635483
375	1	9	0.9251683354
376	1	9	0.8233990669
377	1	9	0.8023043871
378	1	9	0.451010257
379	1	9	0.4405532479
380	1	9	0.4849234521
381	1	9	0.4910728931
382	1	9	0.5094188452
383	1	9	0.6795588732
384	1	9	0.8160732985
385	1	9	0.9273382425
386	1	9	0.9473073483
387	1	9	0.956191957
388	1	9	0.9632017612
389	1	9	0.9691684246
390	1	9	0.9699140191
391	1	9	0.9690079093
392	1	9	0.9687926769
393	1	9	0.9563256502
394	1	9	0.9481754303
395	1	9	0.9314648509
396	1	9	0.93170017
397	1	9	0.8327507973
398	1	9	0.7176506519
399	1	9	0.6908670068
400	1	9	0.6827332377
401	1	9	0.7043685913
402	1	9	0.832734108
403	1	9	0.935544014
404	1	9	0.9338852167
405	1	9	0.9511222243
406	1	9	0.9590312243
407	1	9	0.9745708704
408	1	9	0.9695480466
409	1	9	0.9685505033
410	1	9	0.9674065709
411	1	9	0.9651657343
412	1	9	0.9578769207
413	1	9	0.9484759569
414	1	9	0.9310398698
415	1	9	0.9358998537
416	1	9	0.8378894329
417	1	9	0.8368412256
418	1	9	0.8326331973
419	1	9	0.8301643133
420	1	9	0.9299806952
421	1	9	0.9282521009
422	1	9	0.9467870593
423	1	9	0.9588342905
424	1	9	0.9654973745
425	1	9	0.9679587483
426	1	9	0.9680850506
427	1	9	0.9683296084
428	1	9	0.9708011746
429	1	9	0.9705608487
430	1	9	0.9683030844
431	1	9	0.9666038156
432	1	9	0.958060503
433	1	9	0.9602030516
434	1	9	0.9504955411
435	1	9	0.9350422621
436	1	9	0.9248469472
437	1	9	0.9344505072
438	1	9	0.9293316007
439	1	9	0.9291028976
440	1	9	0.9335140586
441	1	9	0.9260867238
442	1	9	0.9501541853
443	1	9	0.9560114741
444	1	9	0.9559106827
445	1	9	0.9635974765
446	1	9	0.9697321057
447	1	9	0.9669538736
448	1	9	0.9614018202
449	1	9	0.9523623586
450	1	9	0.9509844184
451	1	9	0.9524028301
452	1	9	0.9505623579
453	1	9	0.9476023316
454	1	9	0.9682297111
455	1	9	0.9665547013
456	1	9	0.9604552388
457	1	9	0.9609715343
458	1	9	0.9614351988
459	1	9	0.9604604244
460	1	9	0.9670603871
461	1	9	0.9674095511
462	1	9	0.9662088752
463	1	9	0.9643289447
464	1	9	0.964410305
465	1	9	0.9682105184
466	1	9	0.9682077169
467	1	9	0.9676139951
468	1	9	0.9681550264
469	1	9	0.9686791897
470	1	9	0.9697020054
471	1	9	0.9686646461
472	1	9	0.96925807
2	1	10	0.9672231674
3	1	10	0.9679261446
4	1	10	0.967338562
5	1	10	0.967217207
6	1	10	0.967230618
7	1	10	0.9674424529
9	1	10	0.9678898454
10	1	10	0.9676488638
11	1	10	0.967656672
12	1	10	0.9673620462
13	1	10	0.9675261378
14	1	10	0.9673689008
15	1	10	0.9677681923
16	1	10	0.9666059613
17	1	10	0.9677790403
18	1	10	0.9682067633
19	1	10	0.9678036571
20	1	10	0.9665702581
21	1	10	0.9668731689
22	1	10	0.9667526484
23	1	10	0.9668688178
24	1	10	0.9674600959
25	1	10	0.9674960971
26	1	10	0.9675168991
27	1	10	0.9676545858
28	1	10	0.9674649835
29	1	10	0.9675191641
30	1	10	0.9678385258
31	1	10	0.9677516818
32	1	10	0.9675260186
33	1	10	0.9664192796
34	1	10	0.9672203064
35	1	10	0.9677541852
36	1	10	0.9666371346
37	1	10	0.966868937
38	1	10	0.9666355252
39	1	10	0.9668526053
40	1	10	0.9662851095
41	1	10	0.9676123261
42	1	10	0.9675273895
43	1	10	0.967648983
44	1	10	0.9668710828
45	1	10	0.9668485522
46	1	10	0.9663966894
47	1	10	0.9672238231
48	1	10	0.9669047594
49	1	10	0.9675244093
50	1	10	0.9665711522
51	1	10	0.9674085379
52	1	10	0.9672695398
53	1	10	0.96530509
54	1	10	0.9672433734
55	1	10	0.9666670561
56	1	10	0.9666627049
57	1	10	0.9676393867
58	1	10	0.9664410949
59	1	10	0.9676628113
60	1	10	0.9665611982
61	1	10	0.9675971866
62	1	10	0.9667327404
63	1	10	0.967214942
64	1	10	0.9662820101
65	1	10	0.966733098
66	1	10	0.9655899405
67	1	10	0.9654353857
68	1	10	0.9672154784
69	1	10	0.9660385251
70	1	10	0.9653591514
71	1	10	0.9662050009
72	1	10	0.9662694931
73	1	10	0.9671732783
74	1	10	0.966647625
75	1	10	0.9676626921
76	1	10	0.9673895836
77	1	10	0.9664331675
78	1	10	0.9664219618
79	1	10	0.9665094614
80	1	10	0.9658105373
81	1	10	0.9658498168
82	1	10	0.9658280611
83	1	10	0.9646792412
84	1	10	0.9660491943
85	1	10	0.9657247663
86	1	10	0.9661918283
87	1	10	0.9658274055
88	1	10	0.9659498334
89	1	10	0.9662396312
90	1	10	0.9659089446
91	1	10	0.9668061137
92	1	10	0.9673250318
93	1	10	0.9672513008
94	1	10	0.9662923813
95	1	10	0.9660010934
96	1	10	0.9643002152
97	1	10	0.9643465877
98	1	10	0.9661890268
99	1	10	0.9639421105
100	1	10	0.9644942284
101	1	10	0.9630187154
102	1	10	0.965764761
103	1	10	0.9663350582
104	1	10	0.9644050598
105	1	10	0.9650145769
106	1	10	0.9649121165
107	1	10	0.9666751623
108	1	10	0.9661344886
109	1	10	0.9670105577
110	1	10	0.9675331116
111	1	10	0.9661930799
112	1	10	0.965993762
113	1	10	0.9661650062
114	1	10	0.9648786783
115	1	10	0.9615840912
116	1	10	0.9597128034
117	1	10	0.9607708454
118	1	10	0.9609144926
119	1	10	0.9541547298
120	1	10	0.9610680342
121	1	10	0.9560694098
122	1	10	0.9623298049
123	1	10	0.9618753791
124	1	10	0.9647065401
125	1	10	0.9660387039
126	1	10	0.9663667679
127	1	10	0.9662515521
128	1	10	0.966729939
129	1	10	0.9675949812
132	1	10	0.9669414759
133	1	10	0.9661155939
134	1	10	0.9665896297
135	1	10	0.9667649269
136	1	10	0.9657697082
137	1	10	0.9623323083
138	1	10	0.9634630084
139	1	10	0.9542814493
140	1	10	0.9559687972
141	1	10	0.9489344358
142	1	10	0.9461929798
143	1	10	0.9544001222
144	1	10	0.9536998868
145	1	10	0.9575089216
146	1	10	0.9597681165
147	1	10	0.9620297551
148	1	10	0.9665341377
149	1	10	0.963771224
150	1	10	0.9666064978
151	1	10	0.9656835794
152	1	10	0.9668648839
153	1	10	0.9673032761
155	1	10	0.9675490856
156	1	10	0.9674419165
157	1	10	0.9654843211
158	1	10	0.9656895995
159	1	10	0.9659072161
160	1	10	0.9598192573
161	1	10	0.9521483779
162	1	10	0.9565544128
163	1	10	0.9478774667
164	1	10	0.9463797212
165	1	10	0.9386326671
166	1	10	0.9168303609
167	1	10	0.9480959177
168	1	10	0.9441540241
169	1	10	0.9474732876
170	1	10	0.9582187533
171	1	10	0.9567728639
172	1	10	0.9616317153
173	1	10	0.9660642743
174	1	10	0.9652086496
175	1	10	0.9659944773
176	1	10	0.9663054943
177	1	10	0.9662130475
178	1	10	0.9668745399
179	1	10	0.9680019617
180	1	10	0.9671716094
181	1	10	0.9668172598
182	1	10	0.9665369987
183	1	10	0.9667212963
184	1	10	0.9654655457
185	1	10	0.9606966972
186	1	10	0.9514709115
187	1	10	0.9530121684
188	1	10	0.9497889876
189	1	10	0.9271910787
190	1	10	0.9295399785
191	1	10	0.9279114604
192	1	10	0.8016193509
193	1	10	0.9285580516
194	1	10	0.9331809878
195	1	10	0.9207128286
196	1	10	0.9435338974
197	1	10	0.9507585764
198	1	10	0.950574398
199	1	10	0.9591067433
200	1	10	0.9651603699
201	1	10	0.9666441083
202	1	10	0.9661225677
203	1	10	0.9665558934
204	1	10	0.967376709
205	1	10	0.9676893353
206	1	10	0.9674953818
207	1	10	0.9673935771
208	1	10	0.9682830572
209	1	10	0.9686316848
210	1	10	0.9668488503
211	1	10	0.9669883251
212	1	10	0.9674377441
213	1	10	0.9647627473
214	1	10	0.9629502892
215	1	10	0.9615907669
216	1	10	0.9530952573
217	1	10	0.9441429377
218	1	10	0.9244182706
219	1	10	0.8009759188
220	1	10	0.8086830974
221	1	10	0.8399875164
222	1	10	0.8083817363
223	1	10	0.8192882538
224	1	10	0.8240361214
225	1	10	0.8249899149
226	1	10	0.9197677374
227	1	10	0.9458230138
228	1	10	0.9546353221
229	1	10	0.958432734
230	1	10	0.960773468
231	1	10	0.9659311175
232	1	10	0.9655513167
233	1	10	0.9666227102
234	1	10	0.9664065838
235	1	10	0.9671124816
236	1	10	0.9678817391
237	1	10	0.9669302702
238	1	10	0.9678217769
239	1	10	0.9683883786
240	1	10	0.9662294388
241	1	10	0.9656515121
242	1	10	0.9657126665
243	1	10	0.9650205374
244	1	10	0.9614262581
245	1	10	0.9552041292
246	1	10	0.9472646713
247	1	10	0.9269384742
248	1	10	0.8140164614
249	1	10	0.8021914363
250	1	10	0.7143811584
251	1	10	0.7534204721
252	1	10	0.7613805532
253	1	10	0.6579763293
254	1	10	0.8052399755
255	1	10	0.8771026731
256	1	10	0.9167540669
257	1	10	0.9424151778
258	1	10	0.944301188
259	1	10	0.9551174641
260	1	10	0.9622102976
261	1	10	0.9640316963
262	1	10	0.9654849768
263	1	10	0.9662553072
264	1	10	0.9658973813
265	1	10	0.9671661258
266	1	10	0.9670740366
267	1	10	0.9675804377
268	1	10	0.9678502083
269	1	10	0.966637671
270	1	10	0.9661170244
271	1	10	0.9665641785
272	1	10	0.9643253088
273	1	10	0.959043324
274	1	10	0.9549452662
275	1	10	0.9481068254
276	1	10	0.9254059196
277	1	10	0.8293740749
278	1	10	0.7124714255
279	1	10	0.8045278192
280	1	10	0.7822445035
281	1	10	0.7698395252
282	1	10	0.7974944115
283	1	10	0.8499688506
284	1	10	0.9187128544
285	1	10	0.9388626218
286	1	10	0.9221796989
287	1	10	0.9441857338
288	1	10	0.9504161477
289	1	10	0.9612289667
290	1	10	0.9645544887
291	1	10	0.9661497474
292	1	10	0.9702238441
293	1	10	0.9669703841
294	1	10	0.9673599601
295	1	10	0.9671593904
296	1	10	0.9670268297
297	1	10	0.9670770168
298	1	10	0.9650056362
299	1	10	0.9599616528
300	1	10	0.9527299404
301	1	10	0.9369849563
302	1	10	0.9266234636
303	1	10	0.8410080671
304	1	10	0.6750358343
305	1	10	0.886398077
306	1	10	0.8397192359
307	1	10	0.7545496225
308	1	10	0.7387028337
309	1	10	0.7923846245
310	1	10	0.6688758135
311	1	10	0.8458865881
312	1	10	0.9330070615
313	1	10	0.9422708154
314	1	10	0.95238024
315	1	10	0.9609159827
316	1	10	0.9655330181
317	1	10	0.9668242931
318	1	10	0.9666537642
319	1	10	0.9667992592
320	1	10	0.966407001
321	1	10	0.9670212865
322	1	10	0.9674814343
323	1	10	0.9660429955
324	1	10	0.9605748653
325	1	10	0.9513751864
326	1	10	0.9368457198
327	1	10	0.9208205938
328	1	10	0.8297103047
329	1	10	0.6597554684
330	1	10	0.5711194277
331	1	10	0.3504930735
332	1	10	0.8251554966
333	1	10	0.9288136959
334	1	10	0.9474048018
335	1	10	0.9314031601
336	1	10	0.9036473632
337	1	10	0.8195998073
338	1	10	0.9296529889
339	1	10	0.9484399557
340	1	10	0.9553822875
341	1	10	0.9647544026
342	1	10	0.965886116
343	1	10	0.9648433328
344	1	10	0.9664428234
345	1	10	0.9674127698
346	1	10	0.9665711522
347	1	10	0.9669199586
348	1	10	0.9650185704
349	1	10	0.9654218554
350	1	10	0.9633138776
351	1	10	0.9534430504
352	1	10	0.9448258877
353	1	10	0.9346426725
354	1	10	0.8216443658
355	1	10	0.7335125208
356	1	10	0.4481751919
357	1	10	0.2244207412
358	1	10	0.2880347669
359	1	10	0.6702087522
360	1	10	0.8424394727
361	1	10	0.8812094331
362	1	10	0.950137496
363	1	10	0.9559065104
364	1	10	0.94185251
365	1	10	0.9507193565
366	1	10	0.96067065
367	1	10	0.9657806158
368	1	10	0.9651789665
369	1	10	0.9669420719
370	1	10	0.9660939574
371	1	10	0.9644649625
372	1	10	0.9620033503
373	1	10	0.9547820687
374	1	10	0.9499759078
375	1	10	0.9172073007
376	1	10	0.8058120608
377	1	10	0.7829070091
378	1	10	0.4128218591
379	1	10	0.4022005796
380	1	10	0.4474535584
381	1	10	0.4537627399
382	1	10	0.4726371169
383	1	10	0.651006937
384	1	10	0.7978500724
385	1	10	0.9195978642
386	1	10	0.9416267276
387	1	10	0.9514443874
388	1	10	0.9591975808
389	1	10	0.9658019543
390	1	10	0.9666274786
391	1	10	0.9656241536
392	1	10	0.9653859138
393	1	10	0.951592207
394	1	10	0.9425855279
395	1	10	0.9241458774
396	1	10	0.9244052768
397	1	10	0.8159873486
398	1	10	0.6916771531
399	1	10	0.6630547643
400	1	10	0.6543867588
401	1	10	0.6774681211
402	1	10	0.8159691095
403	1	10	0.9286437631
404	1	10	0.9268144369
405	1	10	0.9458410144
406	1	10	0.9545840025
407	1	10	0.9717856646
408	1	10	0.9662222266
409	1	10	0.9651177526
410	1	10	0.9638512731
411	1	10	0.961370945
412	1	10	0.9533075094
413	1	10	0.9429174662
414	1	10	0.9236773849
415	1	10	0.9290362
416	1	10	0.8215838671
417	1	10	0.8204419613
418	1	10	0.8158592582
419	1	10	0.813171804
420	1	10	0.9225099087
421	1	10	0.920604825
422	1	10	0.9410521388
423	1	10	0.9543662071
424	1	10	0.9617379904
425	1	10	0.9644625783
426	1	10	0.9646024108
427	1	10	0.9648731947
428	1	10	0.967609942
429	1	10	0.9673438072
430	1	10	0.9648438096
431	1	10	0.9629626274
432	1	10	0.9535105228
433	1	10	0.9558801055
434	1	10	0.9451485872
435	1	10	0.9280903935
436	1	10	0.9168533087
437	1	10	0.9274377823
438	1	10	0.9217945337
439	1	10	0.9215424061
440	1	10	0.9264051318
441	1	10	0.9182190299
442	1	10	0.9447714686
443	1	10	0.9512448907
444	1	10	0.9511334896
445	1	10	0.9596354365
446	1	10	0.9664260745
447	1	10	0.9633501768
448	1	10	0.9572061896
449	1	10	0.9472113848
450	1	10	0.9456887245
451	1	10	0.9472560883
452	1	10	0.9452224374
453	1	10	0.9419525266
454	1	10	0.9647625685
455	1	10	0.962908268
456	1	10	0.9561590552
457	1	10	0.9567301273
458	1	10	0.9572431445
459	1	10	0.9561648369
460	1	10	0.9634680748
461	1	10	0.9638546109
462	1	10	0.9625254869
463	1	10	0.9604448676
464	1	10	0.9605349302
465	1	10	0.9647413492
466	1	10	0.9647381902
467	1	10	0.9640809298
468	1	10	0.9646798968
469	1	10	0.9652602673
470	1	10	0.9663927555
471	1	10	0.965244174
472	1	10	0.965901196
