1	2	23.61188702
1	3	22.05829122
1	4	21.10150356
1	5	18.93745742
1	6	22.52508608
1	7	22.58369401
1	9	20.59504406
1	10	19.18196526
1	11	17.53315788
1	12	22.88669151
1	13	21.07566239
1	14	22.14780932
1	15	20.57091875
1	16	25.82957218
1	17	21.01139789
1	18	20.58671869
1	19	19.10755647
1	20	17.32262803
1	21	19.16432629
1	22	19.41869799
1	23	20.32532121
1	24	17.65616444
1	25	17.96295514
1	26	19.90758618
1	27	20.76937629
1	28	22.03659408
1	29	23.47500142
1	30	23.16093904
1	31	20.35970653
1	32	17.89977127
1	33	16.51379581
1	34	18.44970614
1	35	18.63003098
1	36	19.34330519
1	37	17.10979981
1	38	17.07713908
1	39	18.64333965
1	40	20.19825537
1	41	28.00116819
1	42	26.09730041
1	43	24.04651243
1	44	21.25362874
1	45	19.35289879
1	46	17.31146441
1	47	15.19521374
1	48	17.19586016
1	49	16.81338796
1	50	17.22675699
1	51	15.95928724
1	52	24.98151288
1	53	20.7560989
1	54	19.28789791
1	55	17.70665521
1	56	15.30850886
1	57	15.01332328
1	58	15.1209952
1	59	15.1939642
1	60	13.96382947
1	61	14.65443999
1	62	15.9179659
1	63	24.66424622
1	64	23.49544525
1	65	22.0658045
1	66	20.32893214
1	67	18.54969106
1	68	17.02347614
1	69	14.66517384
1	70	15.00676542
1	71	14.17977157
1	72	14.47502793
1	73	11.1646472
1	74	12.90263379
1	75	14.45670393
1	76	16.0026473
1	77	23.1414284
1	78	21.97667342
1	79	20.80508165
1	80	20.42395694
1	81	17.86714527
1	82	15.7891568
1	83	13.48218268
1	84	13.39233259
1	85	12.29353275
1	86	11.11796177
1	87	9.741137301
1	88	11.18887564
1	89	12.64024091
1	90	14.14157525
1	91	24.58647403
1	92	23.86900453
1	93	22.14617717
1	94	21.4478389
1	95	20.52087627
1	96	18.89408572
1	97	18.23671521
1	98	16.44614167
1	99	15.66785503
1	100	14.62844819
1	101	12.13444917
1	102	11.72672043
1	103	11.38063108
1	104	11.31008209
1	105	8.110069202
1	106	12.22256267
1	107	14.67392472
1	108	5.833610428
1	109	27.18227111
1	110	25.69523868
1	111	23.69856808
1	112	21.02831217
1	113	18.650443
1	114	16.99442667
1	115	16.43376052
1	116	14.68479223
1	117	13.67509567
1	118	12.4712296
1	119	11.27451753
1	120	10.69117529
1	121	10.77876112
1	122	8.568649866
1	123	6.7079695
1	124	5.495494252
1	125	5.001899834
1	126	5.319754051
1	127	6.769320471
1	128	7.602250222
1	129	10.0220712
1	132	28.2122976
1	133	26.08598375
1	134	23.65817326
1	135	22.06107082
1	136	20.31003461
1	137	18.62517549
1	138	17.19941601
1	139	15.88863914
1	140	14.20385465
1	141	12.50948571
1	142	11.79739169
1	143	11.29263964
1	144	8.730561714
1	145	8.015168353
1	146	6.046306556
1	147	5.371566891
1	148	3.52203728
1	149	3.953877241
1	150	6.001864185
1	151	5.258774436
1	152	6.15542551
1	153	9.185210478
1	155	29.66572697
1	156	27.11063834
1	157	25.56668905
1	158	23.43404784
1	159	21.68030281
1	160	19.69688685
1	161	18.79310749
1	162	17.42491055
1	163	16.11222639
1	164	14.93487721
1	165	12.97461657
1	166	12.09541686
1	167	9.753707779
1	168	7.378358989
1	169	5.917244767
1	170	4.335140467
1	171	2.462955157
1	172	2.940991796
1	173	2.057059028
1	174	5.576336427
1	175	5.124712084
1	176	7.965051142
1	177	7.294508042
1	178	8.425664284
1	179	24.75911789
1	180	30.18677767
1	181	28.12936593
1	182	26.41141704
1	183	24.21066721
1	184	22.5517505
1	185	19.98255165
1	186	18.22370181
1	187	17.3401423
1	188	16.13721486
1	189	14.44120565
1	190	14.28184033
1	191	11.9766221
1	192	12.38247665
1	193	9.699440634
1	194	7.510979844
1	195	6.254655143
1	196	3.779242581
1	197	2.643623384
1	198	1.448261498
1	199	2.195116282
1	200	3.178490947
1	201	4.596755256
1	202	6.271777039
1	203	7.968543849
1	204	11.93209736
1	205	13.54089601
1	206	17.23953221
1	207	19.23545908
1	208	20.98727899
1	209	23.4834182
1	210	28.82774455
1	211	28.57012723
1	212	25.50077445
1	213	23.05028296
1	214	20.95160369
1	215	21.02529642
1	216	20.66887276
1	217	18.32449461
1	218	15.93978204
1	219	14.40214746
1	220	12.78745822
1	221	11.23295765
1	222	11.6718933
1	223	9.143038858
1	224	6.809063564
1	225	6.619899859
1	226	4.344101061
1	227	4.866433486
1	228	4.705285304
1	229	4.646640774
1	230	5.998659279
1	231	5.76750351
1	232	6.998269043
1	233	8.397327483
1	234	9.964783111
1	235	10.95697231
1	236	14.29431258
1	237	13.29549213
1	238	20.70260408
1	239	21.32534617
1	240	30.99158212
1	241	26.48812433
1	242	23.73121371
1	243	23.33561359
1	244	21.42021575
1	245	21.41308782
1	246	18.65349672
1	247	16.70827638
1	248	15.14661289
1	249	13.4990091
1	250	12.02111831
1	251	10.56571117
1	252	9.604102972
1	253	8.376433522
1	254	8.155437744
1	255	12.12239486
1	256	6.252429152
1	257	6.313243203
1	258	5.086830641
1	259	6.168276789
1	260	7.362177517
1	261	8.373340773
1	262	9.475372132
1	263	10.984887
1	264	11.9346125
1	265	12.17218914
1	266	10.76735096
1	267	12.08097559
1	268	13.29622009
1	269	27.96735823
1	270	26.27571471
1	271	24.35668839
1	272	23.87511857
1	273	20.87597267
1	274	19.49297358
1	275	17.29742729
1	276	16.02463423
1	277	16.08999709
1	278	13.73298927
1	279	13.82856127
1	280	12.81782446
1	281	11.78860341
1	282	10.83435602
1	283	9.326434958
1	284	8.182587499
1	285	10.66950367
1	286	7.822282638
1	287	7.222797214
1	288	7.701736893
1	289	8.729583767
1	290	10.83823039
1	291	9.990355978
1	292	13.91464143
1	293	15.07422066
1	294	16.67468144
1	295	13.28898814
1	296	12.12742107
1	297	26.56616257
1	298	21.90881042
1	299	20.09508088
1	300	19.09793042
1	301	19.09004701
1	302	16.60391058
1	303	15.50673746
1	304	15.95486691
1	305	14.17361073
1	306	13.9831062
1	307	12.8429776
1	308	12.72666396
1	309	11.64911046
1	310	11.00242433
1	311	9.578146835
1	312	7.691450957
1	313	8.625202458
1	314	10.29945887
1	315	12.81116478
1	316	11.50333508
1	317	11.51391853
1	318	16.62819286
1	319	18.24361838
1	320	17.11798601
1	321	16.46538928
1	322	17.74237225
1	323	24.09005307
1	324	22.55628797
1	325	20.96554028
1	326	20.74275635
1	327	19.14819106
1	328	18.99682941
1	329	17.96714797
1	330	17.22505072
1	331	16.22464892
1	332	15.1194187
1	333	15.48854331
1	334	14.89460551
1	335	13.47715699
1	336	11.63164165
1	337	10.48041135
1	338	10.47260792
1	339	10.34880844
1	340	12.08744037
1	341	13.59694023
1	342	12.40432479
1	343	20.48339633
1	344	19.46229167
1	345	19.91795268
1	346	18.84458575
1	347	19.00673461
1	348	24.34678279
1	349	23.24976682
1	350	21.93119601
1	351	21.91990704
1	352	21.81933957
1	353	21.1974675
1	354	20.12399948
1	355	19.51286762
1	356	17.79968658
1	357	17.20650567
1	358	17.97308272
1	359	15.98054503
1	360	13.45754469
1	361	15.23785703
1	362	10.32845519
1	363	10.95935147
1	364	12.99112425
1	365	14.77299715
1	366	15.23646706
1	367	18.11976183
1	368	20.8401922
1	369	23.39370024
1	370	25.5608927
1	371	24.47688886
1	372	24.01892254
1	373	24.16576953
1	374	23.63716237
1	375	23.21561461
1	376	22.94648045
1	377	20.50339398
1	378	18.83491795
1	379	17.80157966
1	380	17.64290952
1	381	16.24266124
1	382	15.28196421
1	383	14.8844921
1	384	11.42276832
1	385	13.34777728
1	386	13.96913426
1	387	15.01934271
1	388	14.13660404
1	389	20.09076804
1	390	25.96423601
1	391	27.10474643
1	392	27.08257009
1	393	25.32293921
1	394	25.14829039
1	395	24.6237328
1	396	21.57184785
1	397	23.82889595
1	398	21.82874959
1	399	19.32647485
1	400	17.29636152
1	401	16.31240677
1	402	15.7467799
1	403	12.64063791
1	404	15.88289032
1	405	17.09453273
1	406	14.60298131
1	407	15.57260663
1	408	16.65315308
1	409	17.50618614
1	410	27.8102481
1	411	26.06617075
1	412	24.9688453
1	413	24.4911721
1	414	24.35996249
1	415	24.00491326
1	416	22.48078494
1	417	20.90727728
1	418	22.10430354
1	419	15.76636785
1	420	15.86340606
1	421	16.81176822
1	422	15.68624992
1	423	16.6830604
1	424	14.9870606
1	425	14.41335478
1	426	17.35683601
1	427	18.06039768
1	428	19.19029312
1	429	30.78329796
1	430	27.58911885
1	431	27.76323167
1	432	26.98118977
1	433	26.26700255
1	434	27.96815606
1	435	26.29346282
1	436	24.25331036
1	437	22.4439875
1	438	23.23619212
1	439	25.30512247
1	440	16.46937374
1	441	18.65825791
1	442	18.3370547
1	443	17.14351759
1	444	16.72347092
1	445	18.16755763
1	446	29.2356164
1	447	29.00612336
1	448	28.85408935
1	449	27.60532437
1	450	25.42118921
1	451	23.98921549
1	452	25.43383495
1	453	27.24555268
1	454	30.80105701
1	455	29.33925523
1	456	27.40206972
1	457	25.24468564
1	458	25.8031141
1	459	26.98070385
1	460	31.30446599
1	461	29.44687269
1	462	26.77595
1	463	27.18423738
1	464	30.67533242
1	465	32.52837307
1	466	30.81265971
1	467	28.31611031
1	468	28.62245683
1	469	32.37524271
1	470	31.15703671
1	471	30.31606041
1	472	30.17962442
2	6	3.133568694
3	4	8.719491294
3	9	4.49853399
4	3	8.719491294
4	5	4.024769272
4	10	6.384771204
5	4	4.024769272
5	6	7.38474401
5	11	2.930535899
6	12	3.133568694
6	7	7.38474401
6	5	3.56045255
6	2	10.4045945
7	6	3.56045255
7	13	7.947964428
9	3	4.49853399
9	10	2.895466384
9	18	9.941872489
10	4	6.384771204
10	9	2.895466384
10	11	3.254375983
10	19	6.013149599
11	20	2.930535899
11	12	3.254375983
11	10	7.595656238
11	5	2.901397339
12	6	10.4045945
12	11	7.595656238
12	13	4.826449753
12	21	10.87252456
13	7	7.947964428
13	12	4.826449753
13	14	3.853084438
13	22	2.977716561
14	15	3.853084438
14	23	6.391768484
14	13	7.357500508
15	14	6.391768484
15	24	5.354990131
16	17	6.307775946
16	29	5.01051061
17	16	6.307775946
17	18	10.35822632
17	30	6.177104141
18	31	9.941872489
18	9	10.35822632
18	17	4.524001471
18	19	4.896603209
19	32	6.013149599
19	20	4.524001471
19	18	4.477028355
19	10	5.114722687
20	11	2.901397339
20	19	4.477028355
20	21	3.430230047
20	33	3.418293346
21	12	10.87252456
21	20	3.430230047
21	22	9.185187298
21	34	4.989643714
22	23	2.977716561
22	35	9.185187298
22	13	3.845811934
22	21	3.608489841
23	14	7.357500508
23	22	3.845811934
23	24	4.20503422
23	36	5.423078507
24	15	5.354990131
24	23	4.20503422
24	25	2.778171655
24	37	4.066983771
25	24	2.778171655
25	26	3.360838546
25	38	4.341113741
26	39	3.360838546
26	27	9.97798199
26	25	7.851945354
27	26	9.97798199
27	28	4.573846173
27	40	2.870464519
28	27	4.573846173
29	16	5.01051061
29	30	5.232213678
29	43	5.492731043
30	17	6.177104141
30	29	5.232213678
30	31	6.339780227
30	44	3.806432495
31	45	4.896603209
31	32	6.339780227
31	18	4.060757511
31	30	6.451011336
32	19	5.114722687
32	31	4.060757511
32	33	4.005316037
32	46	3.805960836
33	34	3.418293346
33	20	4.005316037
33	32	3.655759525
33	47	2.732537689
34	48	4.989643714
34	35	3.655759525
34	33	11.51083434
34	21	7.020332259
35	22	3.608489841
35	34	11.51083434
35	36	4.545564359
35	49	4.89289872
36	23	5.423078507
36	35	4.545564359
36	37	4.164992086
36	50	4.836283922
37	38	4.066983771
37	51	4.164992086
37	24	3.487958412
37	36	7.38697868
38	25	4.341113741
38	37	3.487958412
38	39	3.615194824
39	26	7.851945354
39	38	3.615194824
39	40	3.716043233
40	27	2.870464519
40	39	3.716043233
41	42	3.947327644
42	41	3.947327644
42	43	3.996202805
43	52	5.492731043
43	44	3.996202805
43	29	4.181142396
43	42	2.880415276
44	30	3.806432495
44	43	4.181142396
44	45	3.657364758
44	53	4.627084704
45	54	6.451011336
45	31	3.657364758
45	44	4.091524768
45	46	4.79301461
46	55	3.805960836
46	47	4.091524768
46	45	3.603301053
46	32	4.223600211
47	56	2.732537689
47	33	3.603301053
47	46	3.775858982
47	48	2.989809245
48	49	7.020332259
48	57	3.775858982
48	34	7.671863113
48	47	5.197824204
49	50	4.89289872
49	58	7.671863113
49	35	3.966647137
49	48	3.649903154
50	36	4.836283922
50	49	3.966647137
50	51	3.804883042
50	59	3.356500703
51	37	7.38697868
51	50	3.804883042
51	60	4.139423877
52	43	2.880415276
52	53	8.309535446
52	65	11.36408335
53	66	4.627084704
53	54	8.309535446
53	52	3.776936035
53	44	4.02407805
54	45	4.79301461
54	53	3.776936035
54	55	5.493444088
54	67	5.172703968
55	68	4.223600211
55	46	5.493444088
55	54	3.812540198
55	56	4.909130493
56	69	2.989809245
56	57	3.812540198
56	47	3.328009049
56	55	4.008006982
57	48	5.197824204
57	56	3.328009049
57	58	2.721692631
57	70	3.964706435
58	49	3.649903154
58	57	2.721692631
58	59	3.703387007
58	71	3.888722599
59	60	3.356500703
59	72	3.703387007
59	50	3.758414265
59	58	3.535742173
60	51	4.139423877
60	59	3.758414265
60	61	6.802154659
60	73	4.281909272
61	60	6.802154659
61	62	4.77242772
61	74	4.926314276
62	61	4.77242772
62	75	4.915139908
63	64	6.786229457
63	77	4.057382048
64	63	6.786229457
64	78	4.127415053
65	66	11.36408335
65	52	4.085218462
66	53	4.02407805
66	65	4.085218462
66	67	3.634991515
67	54	5.172703968
67	66	3.634991515
67	68	3.479497716
67	81	5.559190497
68	55	4.909130493
68	67	3.479497716
68	69	4.039400241
68	82	5.402004997
69	83	4.008006982
69	70	4.039400241
69	56	5.885937647
69	68	3.806321238
70	57	3.964706435
70	69	5.885937647
70	71	4.048758767
70	84	5.739253832
71	85	3.888722599
71	58	4.048758767
71	70	4.07023062
71	72	4.204135629
72	86	3.535742173
72	73	4.07023062
72	59	4.79310773
72	71	7.51849263
73	60	4.281909272
73	72	4.79310773
73	74	3.220713595
73	87	3.340231226
74	61	4.926314276
74	73	3.220713595
74	75	3.361439613
74	88	6.525956163
75	89	4.915139908
75	76	3.361439613
75	62	3.458669585
75	74	9.53139157
76	75	3.458669585
76	90	12.57866928
77	63	4.057382048
77	78	3.773398207
77	92	3.304950021
78	64	4.127415053
78	77	3.773398207
78	79	3.825478446
78	93	3.246943513
79	78	3.825478446
79	94	3.352146446
80	96	3.255697875
81	99	5.559190497
81	67	3.717292298
81	82	12.82681517
82	68	5.402004997
82	81	3.717292298
82	83	3.666621871
82	100	5.053256147
83	69	3.806321238
83	82	3.666621871
83	84	9.373925692
83	101	2.820153956
84	83	5.739253832
84	70	9.373925692
84	85	6.248981617
84	102	3.589378878
85	103	4.204135629
85	86	6.248981617
85	71	4.992355012
85	84	4.293040165
86	104	7.51849263
86	72	4.992355012
86	85	4.799303642
86	87	4.151944163
87	105	3.340231226
87	88	4.799303642
87	73	2.991176169
87	86	3.260902943
88	106	6.525956163
88	89	2.991176169
88	74	2.892883142
88	87	7.324279728
89	75	9.53139157
89	88	2.892883142
89	90	2.847109152
89	107	7.503417382
90	76	12.57866928
90	89	2.847109152
90	108	14.73663107
91	109	4.547035452
91	92	6.627314529
92	77	3.304950021
92	91	4.547035452
92	93	3.739542401
92	110	3.954047805
93	94	3.246943513
93	111	3.739542401
93	78	4.290487399
93	92	5.361921253
94	95	3.352146446
94	112	4.290487399
94	79	4.818733749
94	93	4.403772451
95	113	4.818733749
95	96	4.827812931
95	94	4.848430626
96	80	3.255697875
96	95	4.827812931
96	97	5.384000274
96	114	3.643609905
97	96	5.384000274
97	98	6.457620468
97	115	3.737468988
98	97	6.457620468
98	99	6.53409065
98	116	3.178453148
99	117	12.82681517
99	100	6.53409065
99	81	7.393439567
99	98	3.617632978
100	82	5.053256147
100	99	7.393439567
100	101	4.185954027
100	118	3.51877141
101	119	2.820153956
101	83	4.185954027
101	100	6.646566657
101	102	2.2
102	120	3.589378878
102	103	6.646566657
102	84	4.190054174
102	101	3.726397566
103	85	4.293040165
103	102	4.190054174
103	104	4.325111653
103	121	5.302609503
104	86	4.151944163
104	103	4.325111653
104	105	5.352459587
104	122	5.014512991
105	106	3.260902943
105	123	5.352459587
105	87	5.742328315
105	104	3.227562642
106	88	7.324279728
106	105	5.742328315
106	107	5.152992662
106	124	9.148817584
107	108	7.503417382
107	89	5.152992662
107	106	15.26898053
107	125	13.14810594
108	126	14.73663107
108	90	15.26898053
108	107	4.934424723
109	132	6.627314529
109	91	3.102138581
109	110	7.143652242
110	92	3.954047805
110	109	3.102138581
110	111	3.512502411
110	133	4.177106033
111	93	5.361921253
111	110	3.512502411
111	112	4.222107136
111	134	4.1735337
112	135	4.403772451
112	113	4.222107136
112	94	4.280049379
112	111	5.074636715
113	95	4.848430626
113	112	4.280049379
113	114	3.704606485
113	136	4.124151684
114	96	3.643609905
114	113	3.704606485
114	115	3.620463464
114	137	3.845150125
115	116	3.737468988
115	138	3.620463464
115	114	3.464267066
115	97	4.551268151
116	98	3.178453148
116	115	3.464267066
116	117	3.12321722
116	139	3.77975445
117	140	3.617632978
117	99	3.12321722
117	116	3.419748922
117	118	3.690807654
118	100	3.51877141
118	117	3.419748922
118	119	3.113394625
118	141	3.337296506
119	120	2.2
119	142	3.113394625
119	101	3.37822915
119	118	2.530019103
120	121	3.726397566
120	143	3.37822915
120	102	3.760428702
120	119	4.244790089
121	122	5.302609503
121	144	3.760428702
121	103	5.933571723
121	120	4.773624706
122	123	5.014512991
122	145	5.933571723
122	104	4.137168558
122	121	4.40392178
123	146	3.227562642
123	124	4.137168558
123	122	3.634224411
123	105	3.026739553
124	106	9.148817584
124	123	3.634224411
124	125	3.969675471
124	147	5.74940822
125	107	13.14810594
125	124	3.969675471
125	126	4.525944458
125	148	4.367578366
126	149	4.934424723
126	127	4.525944458
126	125	4.114029381
126	108	4.210527504
127	126	4.114029381
127	128	10.74799288
127	150	4.521179308
128	127	10.74799288
128	129	12.85885125
128	151	5.285795717
129	128	12.85885125
129	152	9.830179357
132	133	7.143652242
132	156	4.913803555
132	109	4.706575872
133	110	4.177106033
133	132	4.913803555
133	134	3.790664497
133	157	4.661417633
134	111	4.1735337
134	133	3.790664497
134	135	3.723202328
134	158	4.909086162
135	159	5.074636715
135	136	3.723202328
135	134	3.440392029
135	112	3.202688184
136	113	4.124151684
136	135	3.440392029
136	137	3.616832279
136	160	5.028939359
137	114	3.845150125
137	136	3.616832279
137	138	3.422418206
137	161	6.843685129
138	139	4.551268151
138	162	3.422418206
138	115	4.489688981
138	137	4.231292829
139	140	3.77975445
139	163	4.489688981
139	116	3.879442207
139	138	4.979905326
140	117	3.690807654
140	139	3.879442207
140	141	3.30440728
140	164	3.820603783
141	118	3.337296506
141	140	3.30440728
141	142	3.018703646
141	165	4.084522957
142	143	2.530019103
142	166	3.018703646
142	119	4.404900382
142	141	5.948344823
143	142	4.244790089
143	144	4.404900382
143	167	3.942806242
143	120	4.408815838
144	121	4.773624706
144	143	3.942806242
144	145	3.750733771
144	168	4.354682948
145	122	4.40392178
145	144	3.750733771
145	146	5.374818573
145	169	3.997948468
146	147	3.026739553
146	170	5.374818573
146	145	4.089443742
146	123	3.718829313
147	124	5.74940822
147	146	4.089443742
147	148	3.979388281
147	171	5.764135254
148	125	4.367578366
148	147	3.979388281
148	149	4.400686976
148	172	3.757718862
149	173	4.210527504
149	150	4.400686976
149	148	4.240080381
149	126	4.009697065
150	127	4.521179308
150	149	4.240080381
150	151	7.637060808
150	174	9.310429507
151	128	5.285795717
151	150	7.637060808
151	152	3.462287
151	175	5.539680624
152	153	9.830179357
152	176	3.462287
152	129	4.486578063
152	151	6.106069496
153	177	4.486578063
153	152	3.790874162
155	156	8.966420938
155	181	3.399537233
156	132	4.706575872
156	155	8.966420938
156	157	3.913060956
156	182	4.176819527
157	133	4.661417633
157	156	3.913060956
157	158	4.828593103
157	183	4.019428218
158	184	4.909086162
158	159	4.828593103
158	157	4.420526671
158	134	4.412606279
159	135	3.202688184
159	158	4.420526671
159	160	4.078221497
159	185	3.896553489
160	136	5.028939359
160	159	4.078221497
160	161	4.950576745
160	186	3.698300464
161	162	6.843685129
161	187	4.950576745
161	137	6.175150918
161	160	3.606826448
162	138	4.231292829
162	161	6.175150918
162	163	3.805823472
162	188	3.609941976
163	139	4.979905326
163	162	3.805823472
163	164	3.340271686
163	189	3.471062058
164	165	3.820603783
164	190	3.340271686
164	140	3.354726823
164	163	3.803701381
165	141	4.084522957
165	164	3.354726823
165	166	7.125569706
165	191	3.346698051
166	142	5.948344823
166	165	7.125569706
166	167	3.834719152
166	192	7.410437225
167	193	4.408815838
167	143	3.834719152
167	166	3.746124694
167	168	4.252621858
168	194	4.354682948
168	169	3.746124694
168	144	3.813797382
168	167	4.297048233
169	145	3.997948468
169	168	3.813797382
169	170	4.729880441
169	195	3.884158607
170	146	3.718829313
170	169	4.729880441
170	171	3.712026412
170	196	4.003799794
171	197	5.764135254
171	172	3.712026412
171	170	4.378072613
171	147	3.737981531
172	148	3.757718862
172	171	4.378072613
172	173	5.145965325
172	198	5.629093954
173	149	4.009697065
173	172	5.145965325
173	174	7.455530248
173	199	4.111039272
174	175	9.310429507
174	200	7.455530248
174	150	4.575604294
174	173	4.692224487
175	201	5.539680624
175	176	4.575604294
175	151	7.289219608
175	174	3.993305201
176	152	6.106069496
176	175	7.289219608
176	177	3.88409861
176	202	3.801985313
177	153	3.790874162
177	176	3.88409861
177	178	2.983739006
177	203	3.876319802
178	204	2.983739006
178	177	5.428217942
179	209	8.867850551
180	181	4.745471045
180	210	3.577512116
181	155	3.399537233
181	180	4.745471045
181	182	5.817618895
181	211	7.654089027
182	181	4.176819527
182	183	5.817618895
182	156	4.875782985
182	212	5.913814137
183	213	4.019428218
183	182	4.875782985
183	157	4.084728331
183	184	4.130966774
184	158	4.412606279
184	183	4.084728331
184	185	4.815933043
184	214	4.388392924
185	159	3.896553489
185	184	4.815933043
185	186	3.148977473
185	215	3.842757017
186	160	3.698300464
186	185	3.148977473
186	187	3.036098779
186	216	4.097281235
187	217	3.606826448
187	188	3.036098779
187	161	3.221925265
187	186	4.360936826
188	162	3.609941976
188	187	3.221925265
188	189	3.486009731
188	218	4.050561881
189	163	3.471062058
189	188	3.486009731
189	190	3.742857733
189	219	3.767993546
190	220	3.803701381
190	191	3.742857733
190	164	3.776806187
190	189	3.613624968
191	165	3.346698051
191	190	3.776806187
191	192	3.734479382
191	221	2.803207722
192	166	7.410437225
192	191	3.734479382
192	193	5.922073578
192	222	4.52243135
193	194	4.252621858
193	223	5.922073578
193	192	4.671464197
193	167	4.025973824
194	168	4.297048233
194	193	4.671464197
194	195	4.177353336
194	224	3.999701863
195	169	3.884158607
195	194	4.177353336
195	196	5.913652365
195	225	6.925125867
196	226	4.003799794
196	195	5.913652365
196	170	3.337374576
196	197	4.154218145
197	171	3.737981531
197	196	3.337374576
197	198	3.558774371
197	227	4.204848002
198	172	5.629093954
198	197	3.558774371
198	199	4.926745508
198	228	6.196227487
199	229	4.111039272
199	200	4.926745508
199	173	3.38833152
199	198	3.772848651
200	174	4.692224487
200	199	3.38833152
200	201	3.570837351
200	230	5.006056401
201	175	3.993305201
201	200	3.570837351
201	202	3.4323064
201	231	4.511243855
202	232	3.801985313
202	203	3.4323064
202	201	3.736939647
202	176	4.639761231
203	177	3.876319802
203	202	3.736939647
203	204	8.792548475
203	233	5.15878185
204	178	5.428217942
204	203	8.792548475
204	205	8.754356969
204	234	4.412167137
205	235	8.754356969
205	204	4.152410465
206	207	4.530468965
206	237	14.03129456
207	206	4.530468965
207	208	4.337586489
207	238	4.052911587
208	207	4.337586489
208	209	7.424751566
208	239	6.427473576
209	179	8.867850551
209	208	7.424751566
210	211	3.577512116
210	180	3.375775569
210	240	4.15866856
211	241	7.654089027
211	212	3.375775569
211	210	9.463521416
211	181	3.556683557
212	182	5.913814137
212	211	9.463521416
212	213	6.401979466
212	242	4.622966315
213	183	4.130966774
213	212	6.401979466
213	214	3.614628402
213	243	4.27330549
214	184	4.388392924
214	213	3.614628402
214	215	3.655218816
214	244	3.250904583
215	245	3.842757017
215	216	3.655218816
215	185	4.355545657
215	214	4.353669121
216	186	4.097281235
216	215	4.355545657
216	217	4.290646744
216	246	4.190299417
217	187	4.360936826
217	216	4.290646744
217	218	4.134559812
217	247	4.051772987
218	248	4.050561881
218	219	4.134559812
218	188	4.880649605
218	217	3.585094719
219	189	3.767993546
219	218	4.880649605
219	220	3.862104059
219	249	3.882512668
220	190	3.613624968
220	219	3.862104059
220	221	3.613135908
220	250	3.252839853
221	222	2.803207722
221	251	3.613135908
221	220	4.134936224
221	191	2.62341778
222	192	4.52243135
222	221	4.134936224
222	223	5.454279033
222	252	5.676665794
223	193	4.025973824
223	222	5.454279033
223	224	3.886522116
223	253	4.070316455
224	254	3.999701863
224	225	3.886522116
224	223	4.656352889
224	194	5.068147979
225	195	6.925125867
225	224	4.656352889
225	226	4.387099274
225	255	9.994350636
226	196	4.154218145
226	225	4.387099274
226	227	4.324665613
226	256	4.541340322
227	257	4.204848002
227	228	4.324665613
227	226	4.711087497
227	197	4.811211732
228	198	6.196227487
228	227	4.711087497
228	229	3.51480622
228	258	3.302453127
229	199	3.772848651
229	228	3.51480622
229	230	3.980095886
229	259	4.477161297
230	231	5.006056401
230	260	3.980095886
230	200	3.434834224
230	229	4.916089177
231	201	4.511243855
231	230	3.434834224
231	232	2.60077114
231	261	3.986811349
232	202	4.639761231
232	231	2.60077114
232	233	2.836064561
232	262	4.312382456
233	263	5.15878185
233	234	2.836064561
233	203	3.324895641
233	232	4.344999532
234	204	4.412167137
234	233	3.324895641
234	235	4.601090406
234	264	5.580157548
235	205	4.152410465
235	234	4.601090406
235	236	4.905827035
235	265	5.523737038
236	266	4.905827035
236	235	9.94252453
236	237	7.414383362
237	238	14.03129456
237	267	9.94252453
237	206	17.49436643
237	236	5.223831468
238	237	4.052911587
238	239	17.49436643
238	207	6.142798674
238	268	17.49509439
239	238	6.427473576
239	208	6.142798674
240	210	4.15866856
240	241	5.978138452
240	269	10.86634356
241	211	3.556683557
241	240	5.978138452
241	242	4.496951126
241	270	4.671242255
242	212	4.622966315
242	241	4.496951126
242	243	3.661124996
242	271	3.665214616
243	272	4.27330549
243	244	3.661124996
243	213	3.934994728
243	242	4.450524065
244	214	3.250904583
244	243	3.934994728
244	245	4.383811962
244	273	3.59128945
245	274	4.353669121
245	215	4.383811962
245	244	5.178320416
245	246	4.322301555
246	275	4.190299417
246	247	5.178320416
246	216	4.096554069
246	245	4.119261511
247	217	4.051772987
247	246	4.096554069
247	248	3.649140751
247	276	3.738412437
248	218	3.585094719
248	247	3.649140751
248	249	3.923289338
248	277	4.386544794
249	278	3.882512668
249	250	3.923289338
249	219	3.283940677
249	248	3.009524025
250	220	3.252839853
250	249	3.283940677
250	251	2.911693437
250	279	4.738055998
251	221	2.62341778
251	250	2.911693437
251	252	3.052237344
251	280	4.242169965
252	253	5.676665794
252	222	3.052237344
252	251	3.287579008
252	281	4.296989317
253	282	4.070316455
253	254	3.287579008
253	223	6.140668901
253	252	5.475033597
254	224	5.068147979
254	253	6.140668901
254	255	7.317356474
254	283	4.521396572
255	225	9.994350636
255	254	7.317356474
255	256	11.28631168
255	284	12.30766402
256	257	4.541340322
256	285	11.28631168
256	255	2.796577848
256	226	12.25876424
257	227	4.811211732
257	256	2.796577848
257	258	5.65564139
257	286	8.391093386
258	228	3.302453127
258	257	5.65564139
258	259	4.883585973
258	287	4.141405916
259	288	4.477161297
259	260	4.883585973
259	258	5.290031064
259	229	7.272211994
260	230	4.916089177
260	259	5.290031064
260	261	5.56129916
260	289	3.45660486
261	231	3.986811349
261	260	5.56129916
261	262	4.186160612
261	290	4.841517221
262	291	4.312382456
262	263	4.186160612
262	261	6.513257946
262	232	4.813222461
263	233	4.344999532
263	262	6.513257946
263	264	7.088708786
263	292	8.147032616
264	234	5.580157548
264	263	7.088708786
264	265	4.372080615
264	293	11.7205229
265	266	5.523737038
265	294	4.372080615
265	235	5.281681312
265	264	11.1348038
266	295	7.414383362
266	267	5.281681312
266	265	2.930638405
266	236	4.549436408
267	237	5.223831468
267	266	2.930638405
267	268	3.923839058
267	296	2.981389297
268	238	17.49509439
268	267	3.923839058
269	240	10.86634356
269	270	4.644486813
270	297	4.671242255
270	271	4.644486813
270	241	5.277363136
270	269	3.243291158
271	242	3.665214616
271	270	5.277363136
271	272	8.320385398
272	243	4.450524065
272	271	8.320385398
272	273	4.484841982
272	298	6.552549434
273	244	3.59128945
273	272	4.484841982
273	274	3.919402073
273	299	4.845964713
274	300	4.322301555
274	275	3.919402073
274	245	4.204631954
274	273	4.0402441
275	246	4.119261511
275	274	4.204631954
275	276	3.207270352
275	301	9.800654222
276	247	3.738412437
276	275	3.207270352
276	277	3.707128097
276	302	6.02376206
277	303	4.386544794
277	278	3.707128097
277	276	3.915492045
277	248	3.593244809
278	249	3.009524025
278	277	3.915492045
278	279	6.254571648
278	304	3.557401189
279	305	4.738055998
279	250	6.254571648
279	278	3.940458817
279	280	3.887345508
280	281	4.242169965
280	306	3.940458817
280	251	3.759273346
280	279	4.141692705
281	307	4.296989317
281	282	3.759273346
281	252	7.592998211
281	280	3.475375942
282	253	5.475033597
282	281	7.592998211
282	283	4.715921154
282	308	8.531058756
283	254	4.521396572
283	282	4.715921154
283	284	9.511704117
283	309	5.855230096
284	285	12.30766402
284	310	9.511704117
284	283	14.9873215
284	255	11.44701879
285	256	12.25876424
285	284	14.9873215
285	286	4.175275758
285	311	5.412217499
286	257	8.391093386
286	285	4.175275758
286	287	6.246615537
286	312	4.536926497
287	313	4.141405916
287	288	6.246615537
287	286	5.131031563
287	258	4.561167832
288	259	7.272211994
288	287	5.131031563
288	289	9.855736081
288	314	6.140440863
289	260	3.45660486
289	288	9.855736081
289	290	4.378650736
289	315	13.09316543
290	316	4.841517221
290	291	4.378650736
290	289	7.104466603
290	261	8.617445702
291	262	4.813222461
291	290	7.104466603
291	292	5.769487092
291	317	3.36876419
292	263	8.147032616
292	291	5.769487092
292	293	4.646821874
292	318	6.200794081
293	292	11.7205229
293	294	4.646821874
293	264	4.54989903
293	319	6.118835965
294	320	11.1348038
294	295	4.54989903
294	293	4.803904146
294	265	5.067726753
295	266	4.549436408
295	294	4.803904146
295	296	5.855298514
295	321	4.594611981
296	267	2.981389297
296	295	5.855298514
296	322	10.30868263
297	270	3.243291158
298	272	6.552549434
298	299	4.234064675
298	324	4.02522647
299	325	4.845964713
299	300	4.234064675
299	273	3.813586397
299	298	3.347178359
300	274	4.0402441
300	299	3.813586397
300	301	10.5705888
300	326	7.98999596
301	275	9.800654222
301	300	10.5705888
301	302	4.140108814
301	327	4.004876882
302	328	6.02376206
302	303	4.140108814
302	276	3.254303276
302	301	4.048170523
303	277	3.593244809
303	302	3.254303276
303	304	3.887428512
303	329	3.795058577
304	330	3.557401189
304	278	3.887428512
304	303	5.047281639
304	305	3.821978042
305	331	3.887345508
305	306	5.047281639
305	304	3.781642182
305	279	3.566830849
306	332	4.141692705
306	280	3.781642182
306	305	3.939066586
306	307	4.69730246
307	308	3.475375942
307	333	3.939066586
307	281	3.495965627
307	306	5.225832199
308	309	8.531058756
308	334	3.495965627
308	282	2.934462206
308	307	4.079072615
309	283	5.855230096
309	308	2.934462206
309	310	3.482291692
309	335	3.854417646
310	284	11.44701879
310	309	3.482291692
310	311	3.394216363
310	336	3.853977863
311	312	5.412217499
311	337	3.394216363
311	285	3.259807014
311	310	4.402550581
312	286	4.536926497
312	311	3.259807014
312	313	2.953241499
312	338	4.63602324
313	287	4.561167832
313	312	2.953241499
313	314	3.308441822
313	339	4.075909962
314	288	6.140440863
314	313	3.308441822
314	315	4.787773796
314	340	4.178767163
315	341	13.09316543
315	316	4.787773796
315	289	3.567781941
315	314	5.09133284
316	290	8.617445702
316	315	3.567781941
316	317	3.201440025
316	342	3.789195009
317	291	3.36876419
317	316	3.201440025
317	318	6.948261983
317	343	10.80346545
318	344	6.200794081
318	319	6.948261983
318	317	8.157482723
318	292	9.367363147
319	293	6.118835965
319	318	8.157482723
319	320	6.636663687
319	345	7.958995817
320	294	5.067726753
320	319	6.636663687
320	321	5.968064804
321	322	4.594611981
321	346	5.968064804
321	295	2.967417344
321	320	4.069630839
322	321	10.30868263
322	347	2.967417344
322	296	5.288556773
323	324	4.78819193
323	348	4.105048124
324	298	4.02522647
324	323	4.78819193
324	325	4.538315659
324	349	4.443969892
325	299	3.347178359
325	324	4.538315659
325	326	4.919377597
325	350	2.827098248
326	351	7.98999596
326	327	4.919377597
326	300	4.178740606
326	325	4.195053237
327	301	4.004876882
327	326	4.178740606
327	328	4.493980806
327	352	5.030374679
328	353	4.048170523
328	302	4.493980806
328	327	4.676695085
328	329	4.209955226
329	330	3.795058577
329	354	4.676695085
329	303	4.823314447
329	328	5.085842723
330	304	3.821978042
330	329	4.823314447
330	331	5.294282803
330	355	3.86374395
331	305	3.566830849
331	330	5.294282803
331	332	3.739994417
331	356	3.224501396
332	333	4.69730246
332	357	3.739994417
332	306	3.478972034
332	331	4.816794423
333	307	5.225832199
333	332	3.478972034
333	334	8.462283705
333	358	5.230885378
334	308	4.079072615
334	333	8.462283705
334	335	4.049338575
334	359	8.143140165
335	309	3.854417646
335	334	4.049338575
335	336	3.741999881
335	360	4.151574076
336	361	3.853977863
336	335	3.741999881
336	310	3.444367934
336	337	5.934665725
337	311	4.402550581
337	336	3.444367934
337	338	5.514539662
337	362	3.703437865
338	312	4.63602324
338	337	5.514539662
338	339	3.965291622
338	363	3.817337759
339	364	4.075909962
339	340	3.965291622
339	338	3.751427688
339	313	4.108761867
340	314	4.178767163
340	339	3.751427688
340	341	4.059965731
340	365	4.789623385
341	315	5.09133284
341	340	4.059965731
341	342	7.002370126
341	366	4.752664047
342	367	3.789195009
342	343	7.002370126
342	316	12.88648101
342	341	8.270762734
343	317	10.80346545
343	342	12.88648101
343	344	9.529415593
343	368	4.466993088
344	369	9.367363147
344	318	9.529415593
344	343	6.129534523
344	345	5.255641639
345	344	7.958995817
345	319	6.129534523
346	321	4.069630839
346	347	4.749715649
347	322	5.288556773
347	346	4.749715649
348	370	4.105048124
348	323	6.064261144
348	349	11.03301187
349	350	4.443969892
349	371	6.064261144
349	324	6.323363437
349	348	8.851992051
350	349	2.827098248
350	351	6.323363437
350	325	4.029302769
350	372	4.003988009
351	373	4.195053237
351	350	4.029302769
351	326	4.027226351
351	352	4.147292037
352	327	5.030374679
352	351	4.027226351
352	353	6.105828864
352	374	3.956207332
353	328	4.209955226
353	352	6.105828864
353	354	4.056142436
353	375	4.485073309
354	329	5.085842723
354	353	4.056142436
354	355	5.378373881
354	376	4.153648158
355	377	3.86374395
355	356	5.378373881
355	330	5.688793812
355	354	4.235171871
356	331	3.224501396
356	355	5.688793812
356	357	4.736083281
356	378	4.142896225
357	332	4.816794423
357	356	4.736083281
357	358	7.1329198
357	379	3.302376553
358	380	5.230885378
358	359	7.1329198
358	333	4.151906811
358	357	4.47027804
359	334	8.143140165
359	358	4.151906811
359	360	3.97339519
359	381	4.409728193
360	335	4.151574076
360	359	3.97339519
360	361	4.694860715
360	382	4.073190231
361	362	5.934665725
361	383	4.694860715
361	360	6.442344438
361	336	4.834937791
362	337	3.703437865
362	361	6.442344438
362	363	3.530029378
362	384	2.651047874
363	338	3.817337759
363	362	3.530029378
363	364	3.753399539
363	385	6.449168387
364	386	4.108761867
364	365	3.753399539
364	363	5.094642842
364	339	4.306028653
365	340	4.789623385
365	364	5.094642842
365	366	4.81735771
365	387	5.353358662
366	341	4.752664047
366	365	4.81735771
366	367	10.23064751
366	388	6.247489724
367	368	8.270762734
367	366	10.23064751
367	342	4.977375356
368	343	4.466993088
368	367	4.977375356
368	369	7.562521032
368	389	4.792967885
369	344	5.255641639
369	368	7.562521032
369	390	4.134167504
370	348	11.03301187
370	371	3.948612061
371	372	8.851992051
371	391	3.948612061
371	349	5.492075389
371	370	4.877377465
372	350	4.003988009
372	371	5.492075389
372	373	5.049444356
372	392	6.157108501
373	351	4.147292037
373	372	5.049444356
373	374	4.428634489
373	393	5.405710771
374	375	3.956207332
374	394	4.428634489
374	352	4.318395107
374	373	2.860119764
375	353	4.485073309
375	374	4.318395107
375	376	4.842280054
375	395	4.614288183
376	354	4.153648158
376	375	4.842280054
376	377	4.703414174
376	396	4.141725484
377	397	4.235171871
377	355	4.703414174
377	376	3.057968212
377	378	6.434651549
378	398	4.142896225
378	379	3.057968212
378	377	2.713078691
378	356	4.338301214
379	357	3.302376553
379	378	2.713078691
379	380	2.798268737
379	399	2.911646404
380	358	4.47027804
380	379	2.798268737
380	381	3.178835549
381	359	4.409728193
381	380	3.178835549
381	382	4.538874315
381	400	4.143744198
382	401	4.073190231
382	383	4.538874315
382	360	5.642119293
382	381	5.091022322
383	361	4.834937791
383	382	5.642119293
383	384	4.96028466
383	402	5.529383139
384	362	2.651047874
384	383	4.96028466
384	385	4.875138505
384	403	2.548200631
385	404	6.449168387
385	386	4.875138505
385	384	4.753351961
385	363	9.335260509
386	364	4.306028653
386	385	4.753351961
386	387	6.058733612
386	405	10.39982791
387	365	5.353358662
387	386	6.058733612
387	388	3.720973677
387	406	4.054275158
388	366	6.247489724
388	387	3.720973677
388	407	4.115591437
389	409	4.792967885
389	368	10.28284655
389	390	4.930183415
390	369	4.134167504
390	389	10.28284655
391	371	4.877377465
391	392	5.299133169
392	372	6.157108501
392	391	5.299133169
392	393	4.617979711
392	410	4.456264549
393	394	5.405710771
393	411	4.617979711
393	392	5.557166202
393	373	5.328280715
394	374	2.860119764
394	393	5.557166202
394	395	4.71270821
394	412	6.604825988
395	375	4.614288183
395	394	4.71270821
395	396	4.371409021
395	413	4.390045521
396	414	4.141725484
396	397	4.371409021
396	395	6.717086949
396	376	4.521688734
397	377	6.434651549
397	396	6.717086949
397	398	5.966209524
397	415	3.998139546
398	378	4.338301214
398	397	5.966209524
398	399	6.903496896
398	416	4.596753329
399	417	2.911646404
399	379	6.903496896
399	398	3.004939375
400	381	4.143744198
400	401	4.260593747
401	382	5.091022322
401	400	4.260593747
401	402	7.621184213
401	419	4.043430801
402	403	5.529383139
402	383	7.621184213
402	401	5.494749702
402	420	6.140514042
403	384	2.548200631
403	402	5.494749702
403	404	4.600332131
403	421	5.529210024
404	405	9.335260509
404	422	4.600332131
404	385	4.521285965
404	403	6.634450451
405	406	10.39982791
405	423	4.521285965
405	386	6.069471139
405	404	5.345570602
406	407	4.054275158
406	424	6.069471139
406	387	3.289059938
406	405	2.703513905
407	425	4.115591437
407	408	3.289059938
407	406	5.281045172
407	388	2.922289952
408	407	5.281045172
408	409	2.761298462
408	426	4.351222864
409	389	4.930183415
409	408	2.761298462
409	427	2.899813051
410	392	4.456264549
410	411	4.512796202
410	430	4.390360276
411	431	5.328280715
411	412	4.512796202
411	410	3.688204262
411	393	4.507720125
412	394	6.604825988
412	411	3.688204262
412	413	4.533503227
412	432	3.556575628
413	395	4.390045521
413	412	4.533503227
413	414	4.360898735
413	433	4.194882213
414	434	4.521688734
414	415	4.360898735
414	413	5.880448899
414	396	9.75422556
415	397	3.998139546
415	414	5.880448899
415	416	5.831272522
415	435	4.966671686
416	398	4.596753329
416	415	5.831272522
416	417	3.605029684
416	436	3.443119549
417	437	3.004939375
417	418	3.605029684
417	399	3.686120012
417	416	3.159030964
418	417	3.686120012
418	438	3.152810549
419	401	4.043430801
419	420	3.822701122
419	440	2.986799796
420	441	6.140514042
420	402	3.822701122
420	419	7.266392146
420	421	6.193264312
421	442	5.529210024
421	422	7.266392146
421	403	3.888263393
421	420	3.841805489
422	404	6.634450451
422	421	3.888263393
422	423	5.006505304
422	443	4.151379639
423	405	5.345570602
423	422	5.006505304
423	424	5.499776341
423	444	4.249197399
424	425	2.703513905
424	445	5.499776341
424	423	2.473540807
424	406	5.294568172
425	407	2.922289952
425	424	2.473540807
425	426	4.706519335
426	408	4.351222864
426	425	4.706519335
426	427	4.489737453
427	409	2.899813051
427	426	4.489737453
427	428	4.58392003
428	427	4.58392003
428	429	20.12006588
429	428	20.12006588
430	410	4.390360276
430	431	3.376072218
431	411	4.507720125
431	430	3.376072218
431	432	6.626324712
431	446	3.382300434
432	412	3.556575628
432	431	6.626324712
432	433	8.321678148
432	447	3.581889566
433	434	4.194882213
433	413	8.321678148
433	432	4.359327819
434	414	9.75422556
434	433	4.359327819
434	435	3.863023644
434	448	3.99666542
435	449	4.966671686
435	415	3.863023644
435	434	4.380172241
435	436	4.794970238
436	437	3.443119549
436	450	4.380172241
436	416	3.901811043
436	435	3.000201442
437	451	3.159030964
437	438	3.901811043
437	436	4.082747166
437	417	3.19035575
438	418	3.152810549
438	437	4.082747166
438	439	3.694685441
438	452	6.593995058
439	438	3.694685441
439	440	15.18577439
439	453	4.762216574
440	439	2.986799796
440	441	15.18577439
440	419	5.913530602
441	420	6.193264312
441	440	5.913530602
441	442	11.92157591
442	421	3.841805489
442	441	11.92157591
442	443	4.267135403
443	422	4.151379639
443	442	4.267135403
443	444	7.550720465
444	443	4.249197399
444	423	7.550720465
444	445	4.022275793
445	444	5.294568172
445	424	4.022275793
446	431	3.382300434
446	447	3.596192574
447	432	3.581889566
447	446	3.596192574
447	454	4.048480324
448	434	3.99666542
448	449	5.290754549
448	455	7.090330515
449	456	4.794970238
449	450	5.290754549
449	448	4.354877742
449	435	4.089958747
450	436	3.000201442
450	449	4.354877742
450	451	5.538669376
450	457	2.665291157
451	437	3.19035575
451	450	5.538669376
451	452	2.926560883
451	458	3.720806282
452	453	6.593995058
452	459	2.926560883
452	438	5.205683307
452	451	3.742032284
453	452	4.762216574
453	439	5.205683307
454	447	4.048480324
455	448	7.090330515
455	456	4.012524913
455	460	6.547007018
456	449	4.089958747
456	455	4.012524913
456	457	3.918797475
456	461	5.365247706
457	458	2.665291157
457	462	3.918797475
457	450	7.171148079
457	456	2.854931446
458	451	3.720806282
458	457	7.171148079
458	459	3.652876107
458	463	3.015174534
459	452	3.742032284
459	458	3.652876107
459	464	8.020594119
460	465	6.547007018
460	455	4.320509268
460	461	5.464939522
461	466	5.365247706
461	462	4.320509268
461	456	4.565991681
461	460	4.359877014
462	457	2.854931446
462	461	4.565991681
462	463	7.113624384
462	467	2.919389127
463	458	3.015174534
463	462	7.113624384
463	464	4.905472599
463	468	3.757842267
464	463	8.020594119
464	459	4.905472599
465	469	5.464939522
465	460	4.640443125
465	466	8.420611257
466	461	4.359877014
466	465	4.640443125
466	467	4.406693283
466	470	7.442453148
467	468	2.919389127
467	462	4.406693283
467	466	3.855042915
467	471	4.535182481
468	467	3.757842267
468	463	3.855042915
468	472	3.525879104
469	465	8.420611257
469	470	2.853550501
470	469	7.442453148
470	466	2.853550501
470	471	2.251531175
471	470	4.535182481
471	467	2.251531175
471	472	2.305234501
472	468	3.525879104
472	471	2.305234501
2	99999	23.61188702
3	99999	22.05829122
4	99999	21.10150356
5	99999	18.93745742
6	99999	22.52508608
7	99999	22.58369401
9	99999	20.59504406
10	99999	19.18196526
11	99999	17.53315788
12	99999	22.88669151
13	99999	21.07566239
14	99999	22.14780932
15	99999	20.57091875
16	99999	25.82957218
17	99999	21.01139789
18	99999	20.58671869
19	99999	19.10755647
20	99999	17.32262803
21	99999	19.16432629
22	99999	19.41869799
23	99999	20.32532121
24	99999	17.65616444
25	99999	17.96295514
26	99999	19.90758618
27	99999	20.76937629
28	99999	22.03659408
29	99999	23.47500142
30	99999	23.16093904
31	99999	20.35970653
32	99999	17.89977127
33	99999	16.51379581
34	99999	18.44970614
35	99999	18.63003098
36	99999	19.34330519
37	99999	17.10979981
38	99999	17.07713908
39	99999	18.64333965
40	99999	20.19825537
41	99999	28.00116819
42	99999	26.09730041
43	99999	24.04651243
44	99999	21.25362874
45	99999	19.35289879
46	99999	17.31146441
47	99999	15.19521374
48	99999	17.19586016
49	99999	16.81338796
50	99999	17.22675699
51	99999	15.95928724
52	99999	24.98151288
53	99999	20.7560989
54	99999	19.28789791
55	99999	17.70665521
56	99999	15.30850886
57	99999	15.01332328
58	99999	15.1209952
59	99999	15.1939642
60	99999	13.96382947
61	99999	14.65443999
62	99999	15.9179659
63	99999	24.66424622
64	99999	23.49544525
65	99999	22.0658045
66	99999	20.32893214
67	99999	18.54969106
68	99999	17.02347614
69	99999	14.66517384
70	99999	15.00676542
71	99999	14.17977157
72	99999	14.47502793
73	99999	11.1646472
74	99999	12.90263379
75	99999	14.45670393
76	99999	16.0026473
77	99999	23.1414284
78	99999	21.97667342
79	99999	20.80508165
80	99999	20.42395694
81	99999	17.86714527
82	99999	15.7891568
83	99999	13.48218268
84	99999	13.39233259
85	99999	12.29353275
86	99999	11.11796177
87	99999	9.741137301
88	99999	11.18887564
89	99999	12.64024091
90	99999	14.14157525
91	99999	24.58647403
92	99999	23.86900453
93	99999	22.14617717
94	99999	21.4478389
95	99999	20.52087627
96	99999	18.89408572
97	99999	18.23671521
98	99999	16.44614167
99	99999	15.66785503
100	99999	14.62844819
101	99999	12.13444917
102	99999	11.72672043
103	99999	11.38063108
104	99999	11.31008209
105	99999	8.110069202
106	99999	12.22256267
107	99999	14.67392472
108	99999	5.833610428
109	99999	27.18227111
110	99999	25.69523868
111	99999	23.69856808
112	99999	21.02831217
113	99999	18.650443
114	99999	16.99442667
115	99999	16.43376052
116	99999	14.68479223
117	99999	13.67509567
118	99999	12.4712296
119	99999	11.27451753
120	99999	10.69117529
121	99999	10.77876112
122	99999	8.568649866
123	99999	6.7079695
124	99999	5.495494252
125	99999	5.001899834
126	99999	5.319754051
127	99999	6.769320471
128	99999	7.602250222
129	99999	10.0220712
132	99999	28.2122976
133	99999	26.08598375
134	99999	23.65817326
135	99999	22.06107082
136	99999	20.31003461
137	99999	18.62517549
138	99999	17.19941601
139	99999	15.88863914
140	99999	14.20385465
141	99999	12.50948571
142	99999	11.79739169
143	99999	11.29263964
144	99999	8.730561714
145	99999	8.015168353
146	99999	6.046306556
147	99999	5.371566891
148	99999	3.52203728
149	99999	3.953877241
150	99999	6.001864185
151	99999	5.258774436
152	99999	6.15542551
153	99999	9.185210478
155	99999	29.66572697
156	99999	27.11063834
157	99999	25.56668905
158	99999	23.43404784
159	99999	21.68030281
160	99999	19.69688685
161	99999	18.79310749
162	99999	17.42491055
163	99999	16.11222639
164	99999	14.93487721
165	99999	12.97461657
166	99999	12.09541686
167	99999	9.753707779
168	99999	7.378358989
169	99999	5.917244767
170	99999	4.335140467
171	99999	2.462955157
172	99999	2.940991796
173	99999	2.057059028
174	99999	5.576336427
175	99999	5.124712084
176	99999	7.965051142
177	99999	7.294508042
178	99999	8.425664284
179	99999	24.75911789
180	99999	30.18677767
181	99999	28.12936593
182	99999	26.41141704
183	99999	24.21066721
184	99999	22.5517505
185	99999	19.98255165
186	99999	18.22370181
187	99999	17.3401423
188	99999	16.13721486
189	99999	14.44120565
190	99999	14.28184033
191	99999	11.9766221
192	99999	12.38247665
193	99999	9.699440634
194	99999	7.510979844
195	99999	6.254655143
196	99999	3.779242581
197	99999	2.643623384
198	99999	1.448261498
199	99999	2.195116282
200	99999	3.178490947
201	99999	4.596755256
202	99999	6.271777039
203	99999	7.968543849
204	99999	11.93209736
205	99999	13.54089601
206	99999	17.23953221
207	99999	19.23545908
208	99999	20.98727899
209	99999	23.4834182
210	99999	28.82774455
211	99999	28.57012723
212	99999	25.50077445
213	99999	23.05028296
214	99999	20.95160369
215	99999	21.02529642
216	99999	20.66887276
217	99999	18.32449461
218	99999	15.93978204
219	99999	14.40214746
220	99999	12.78745822
221	99999	11.23295765
222	99999	11.6718933
223	99999	9.143038858
224	99999	6.809063564
225	99999	6.619899859
226	99999	4.344101061
227	99999	4.866433486
228	99999	4.705285304
229	99999	4.646640774
230	99999	5.998659279
231	99999	5.76750351
232	99999	6.998269043
233	99999	8.397327483
234	99999	9.964783111
235	99999	10.95697231
236	99999	14.29431258
237	99999	13.29549213
238	99999	20.70260408
239	99999	21.32534617
240	99999	30.99158212
241	99999	26.48812433
242	99999	23.73121371
243	99999	23.33561359
244	99999	21.42021575
245	99999	21.41308782
246	99999	18.65349672
247	99999	16.70827638
248	99999	15.14661289
249	99999	13.4990091
250	99999	12.02111831
251	99999	10.56571117
252	99999	9.604102972
253	99999	8.376433522
254	99999	8.155437744
255	99999	12.12239486
256	99999	6.252429152
257	99999	6.313243203
258	99999	5.086830641
259	99999	6.168276789
260	99999	7.362177517
261	99999	8.373340773
262	99999	9.475372132
263	99999	10.984887
264	99999	11.9346125
265	99999	12.17218914
266	99999	10.76735096
267	99999	12.08097559
268	99999	13.29622009
269	99999	27.96735823
270	99999	26.27571471
271	99999	24.35668839
272	99999	23.87511857
273	99999	20.87597267
274	99999	19.49297358
275	99999	17.29742729
276	99999	16.02463423
277	99999	16.08999709
278	99999	13.73298927
279	99999	13.82856127
280	99999	12.81782446
281	99999	11.78860341
282	99999	10.83435602
283	99999	9.326434958
284	99999	8.182587499
285	99999	10.66950367
286	99999	7.822282638
287	99999	7.222797214
288	99999	7.701736893
289	99999	8.729583767
290	99999	10.83823039
291	99999	9.990355978
292	99999	13.91464143
293	99999	15.07422066
294	99999	16.67468144
295	99999	13.28898814
296	99999	12.12742107
297	99999	26.56616257
298	99999	21.90881042
299	99999	20.09508088
300	99999	19.09793042
301	99999	19.09004701
302	99999	16.60391058
303	99999	15.50673746
304	99999	15.95486691
305	99999	14.17361073
306	99999	13.9831062
307	99999	12.8429776
308	99999	12.72666396
309	99999	11.64911046
310	99999	11.00242433
311	99999	9.578146835
312	99999	7.691450957
313	99999	8.625202458
314	99999	10.29945887
315	99999	12.81116478
316	99999	11.50333508
317	99999	11.51391853
318	99999	16.62819286
319	99999	18.24361838
320	99999	17.11798601
321	99999	16.46538928
322	99999	17.74237225
323	99999	24.09005307
324	99999	22.55628797
325	99999	20.96554028
326	99999	20.74275635
327	99999	19.14819106
328	99999	18.99682941
329	99999	17.96714797
330	99999	17.22505072
331	99999	16.22464892
332	99999	15.1194187
333	99999	15.48854331
334	99999	14.89460551
335	99999	13.47715699
336	99999	11.63164165
337	99999	10.48041135
338	99999	10.47260792
339	99999	10.34880844
340	99999	12.08744037
341	99999	13.59694023
342	99999	12.40432479
343	99999	20.48339633
344	99999	19.46229167
345	99999	19.91795268
346	99999	18.84458575
347	99999	19.00673461
348	99999	24.34678279
349	99999	23.24976682
350	99999	21.93119601
351	99999	21.91990704
352	99999	21.81933957
353	99999	21.1974675
354	99999	20.12399948
355	99999	19.51286762
356	99999	17.79968658
357	99999	17.20650567
358	99999	17.97308272
359	99999	15.98054503
360	99999	13.45754469
361	99999	15.23785703
362	99999	10.32845519
363	99999	10.95935147
364	99999	12.99112425
365	99999	14.77299715
366	99999	15.23646706
367	99999	18.11976183
368	99999	20.8401922
369	99999	23.39370024
370	99999	25.5608927
371	99999	24.47688886
372	99999	24.01892254
373	99999	24.16576953
374	99999	23.63716237
375	99999	23.21561461
376	99999	22.94648045
377	99999	20.50339398
378	99999	18.83491795
379	99999	17.80157966
380	99999	17.64290952
381	99999	16.24266124
382	99999	15.28196421
383	99999	14.8844921
384	99999	11.42276832
385	99999	13.34777728
386	99999	13.96913426
387	99999	15.01934271
388	99999	14.13660404
389	99999	20.09076804
390	99999	25.96423601
391	99999	27.10474643
392	99999	27.08257009
393	99999	25.32293921
394	99999	25.14829039
395	99999	24.6237328
396	99999	21.57184785
397	99999	23.82889595
398	99999	21.82874959
399	99999	19.32647485
400	99999	17.29636152
401	99999	16.31240677
402	99999	15.7467799
403	99999	12.64063791
404	99999	15.88289032
405	99999	17.09453273
406	99999	14.60298131
407	99999	15.57260663
408	99999	16.65315308
409	99999	17.50618614
410	99999	27.8102481
411	99999	26.06617075
412	99999	24.9688453
413	99999	24.4911721
414	99999	24.35996249
415	99999	24.00491326
416	99999	22.48078494
417	99999	20.90727728
418	99999	22.10430354
419	99999	15.76636785
420	99999	15.86340606
421	99999	16.81176822
422	99999	15.68624992
423	99999	16.6830604
424	99999	14.9870606
425	99999	14.41335478
426	99999	17.35683601
427	99999	18.06039768
428	99999	19.19029312
429	99999	30.78329796
430	99999	27.58911885
431	99999	27.76323167
432	99999	26.98118977
433	99999	26.26700255
434	99999	27.96815606
435	99999	26.29346282
436	99999	24.25331036
437	99999	22.4439875
438	99999	23.23619212
439	99999	25.30512247
440	99999	16.46937374
441	99999	18.65825791
442	99999	18.3370547
443	99999	17.14351759
444	99999	16.72347092
445	99999	18.16755763
446	99999	29.2356164
447	99999	29.00612336
448	99999	28.85408935
449	99999	27.60532437
450	99999	25.42118921
451	99999	23.98921549
452	99999	25.43383495
453	99999	27.24555268
454	99999	30.80105701
455	99999	29.33925523
456	99999	27.40206972
457	99999	25.24468564
458	99999	25.8031141
459	99999	26.98070385
460	99999	31.30446599
461	99999	29.44687269
462	99999	26.77595
463	99999	27.18423738
464	99999	30.67533242
465	99999	32.52837307
466	99999	30.81265971
467	99999	28.31611031
468	99999	28.62245683
469	99999	32.37524271
470	99999	31.15703671
471	99999	30.31606041
472	99999	30.17962442