1	2	1
1	3	1
1	4	1
1	5	1
1	6	1
1	7	1
1	9	1
1	10	1
1	11	1
1	12	1
1	13	1
1	14	1
1	15	1
1	16	1
1	17	1
1	18	1
1	19	1
1	20	1
1	21	1
1	22	1
1	23	1
1	24	1
1	25	1
1	26	1
1	27	1
1	28	1
1	29	1
1	30	1
1	31	1
1	32	1
1	33	1
1	34	1
1	35	1
1	36	1
1	37	1
1	38	1
1	39	1
1	40	1
1	41	1
1	42	1
1	43	1
1	44	1
1	45	1
1	46	1
1	47	1
1	48	1
1	49	1
1	50	1
1	51	1
1	52	1
1	53	1
1	54	1
1	55	1
1	56	1
1	57	1
1	58	1
1	59	1
1	60	1
1	61	1
1	62	1
1	63	1
1	64	1
1	65	1
1	66	1
1	67	1
1	68	1
1	69	1
1	70	1
1	71	1
1	72	1
1	73	1
1	74	1
1	75	1
1	76	1
1	77	1
1	78	1
1	79	1
1	80	1
1	81	1
1	82	1
1	83	1
1	84	1
1	85	1
1	86	1
1	87	1
1	88	1
1	89	1
1	90	1
1	91	1
1	92	1
1	93	1
1	94	1
1	95	1
1	96	1
1	97	1
1	98	1
1	99	1
1	100	1
1	101	1
1	102	1
1	103	1
1	104	1
1	105	1
1	106	1
1	107	1
1	108	1
1	109	1
1	110	1
1	111	1
1	112	1
1	113	1
1	114	1
1	115	1
1	116	1
1	117	1
1	118	1
1	119	1
1	120	1
1	121	1
1	122	1
1	123	1
1	124	1
1	125	1
1	126	1
1	127	1
1	128	1
1	129	1
1	132	1
1	133	1
1	134	1
1	135	1
1	136	1
1	137	1
1	138	1
1	139	1
1	140	1
1	141	1
1	142	1
1	143	1
1	144	1
1	145	1
1	146	1
1	147	1
1	148	1
1	149	1
1	150	1
1	151	1
1	152	1
1	153	1
1	155	1
1	156	1
1	157	1
1	158	1
1	159	1
1	160	1
1	161	1
1	162	1
1	163	1
1	164	1
1	165	1
1	166	1
1	167	1
1	168	1
1	169	1
1	170	1
1	171	1
1	172	1
1	173	1
1	174	1
1	175	1
1	176	1
1	177	1
1	178	1
1	179	1
1	180	1
1	181	1
1	182	1
1	183	1
1	184	1
1	185	1
1	186	1
1	187	1
1	188	1
1	189	1
1	190	1
1	191	1
1	192	1
1	193	1
1	194	1
1	195	1
1	196	1
1	197	1
1	198	1
1	199	1
1	200	1
1	201	1
1	202	1
1	203	1
1	204	1
1	205	1
1	206	1
1	207	1
1	208	1
1	209	1
1	210	1
1	211	1
1	212	1
1	213	1
1	214	1
1	215	1
1	216	1
1	217	1
1	218	1
1	219	1
1	220	1
1	221	1
1	222	1
1	223	1
1	224	1
1	225	1
1	226	1
1	227	1
1	228	1
1	229	1
1	230	1
1	231	1
1	232	1
1	233	1
1	234	1
1	235	1
1	236	1
1	237	1
1	238	1
1	239	1
1	240	1
1	241	1
1	242	1
1	243	1
1	244	1
1	245	1
1	246	1
1	247	1
1	248	1
1	249	1
1	250	1
1	251	1
1	252	1
1	253	1
1	254	1
1	255	1
1	256	1
1	257	1
1	258	1
1	259	1
1	260	1
1	261	1
1	262	1
1	263	1
1	264	1
1	265	1
1	266	1
1	267	1
1	268	1
1	269	1
1	270	1
1	271	1
1	272	1
1	273	1
1	274	1
1	275	1
1	276	1
1	277	1
1	278	1
1	279	1
1	280	1
1	281	1
1	282	1
1	283	1
1	284	1
1	285	1
1	286	1
1	287	1
1	288	1
1	289	1
1	290	1
1	291	1
1	292	1
1	293	1
1	294	1
1	295	1
1	296	1
1	297	1
1	298	1
1	299	1
1	300	1
1	301	1
1	302	1
1	303	1
1	304	1
1	305	1
1	306	1
1	307	1
1	308	1
1	309	1
1	310	1
1	311	1
1	312	1
1	313	1
1	314	1
1	315	1
1	316	1
1	317	1
1	318	1
1	319	1
1	320	1
1	321	1
1	322	1
1	323	1
1	324	1
1	325	1
1	326	1
1	327	1
1	328	1
1	329	1
1	330	1
1	331	1
1	332	1
1	333	1
1	334	1
1	335	1
1	336	1
1	337	1
1	338	1
1	339	1
1	340	1
1	341	1
1	342	1
1	343	1
1	344	1
1	345	1
1	346	1
1	347	1
1	348	1
1	349	1
1	350	1
1	351	1
1	352	1
1	353	1
1	354	1
1	355	1
1	356	1
1	357	1
1	358	1
1	359	1
1	360	1
1	361	1
1	362	1
1	363	1
1	364	1
1	365	1
1	366	1
1	367	1
1	368	1
1	369	1
1	370	1
1	371	1
1	372	1
1	373	1
1	374	1
1	375	1
1	376	1
1	377	1
1	378	1
1	379	1
1	380	1
1	381	1
1	382	1
1	383	1
1	384	1
1	385	1
1	386	1
1	387	1
1	388	1
1	389	1
1	390	1
1	391	1
1	392	1
1	393	1
1	394	1
1	395	1
1	396	1
1	397	1
1	398	1
1	399	1
1	400	1
1	401	1
1	402	1
1	403	1
1	404	1
1	405	1
1	406	1
1	407	1
1	408	1
1	409	1
1	410	1
1	411	1
1	412	1
1	413	1
1	414	1
1	415	1
1	416	1
1	417	1
1	418	1
1	419	1
1	420	1
1	421	1
1	422	1
1	423	1
1	424	1
1	425	1
1	426	1
1	427	1
1	428	1
1	429	1
1	430	1
1	431	1
1	432	1
1	433	1
1	434	1
1	435	1
1	436	1
1	437	1
1	438	1
1	439	1
1	440	1
1	441	1
1	442	1
1	443	1
1	444	1
1	445	1
1	446	1
1	447	1
1	448	1
1	449	1
1	450	1
1	451	1
1	452	1
1	453	1
1	454	1
1	455	1
1	456	1
1	457	1
1	458	1
1	459	1
1	460	1
1	461	1
1	462	1
1	463	1
1	464	1
1	465	1
1	466	1
1	467	1
1	468	1
1	469	1
1	470	1
1	471	1
1	472	1
2	6	1
3	4	1
3	9	1
4	3	1
4	5	1
4	10	1
5	4	1
5	6	1
5	11	1
6	12	1
6	7	1
6	5	1
6	2	1
7	6	1
7	13	1
9	3	1
9	10	1
9	18	1
10	4	1
10	9	1
10	11	1
10	19	1
11	20	1
11	12	1
11	10	1
11	5	1
12	6	1
12	11	1
12	13	1
12	21	1
13	7	1
13	12	1
13	14	1
13	22	1
14	15	1
14	23	1
14	13	1
15	14	1
15	24	1
16	17	1
16	29	1
17	16	1
17	18	1
17	30	1
18	31	1
18	9	1
18	17	1
18	19	1
19	32	1
19	20	1
19	18	1
19	10	1
20	11	1
20	19	1
20	21	1
20	33	1
21	12	1
21	20	1
21	22	1
21	34	1
22	23	1
22	35	1
22	13	1
22	21	1
23	14	1
23	22	1
23	24	1
23	36	1
24	15	1
24	23	1
24	25	1
24	37	1
25	24	1
25	26	1
25	38	1
26	39	1
26	27	1
26	25	1
27	26	1
27	28	1
27	40	1
28	27	1
29	16	1
29	30	1
29	43	1
30	17	1
30	29	1
30	31	1
30	44	1
31	45	1
31	32	1
31	18	1
31	30	1
32	19	1
32	31	1
32	33	1
32	46	1
33	34	1
33	20	1
33	32	1
33	47	1
34	48	1
34	35	1
34	33	1
34	21	1
35	22	1
35	34	1
35	36	1
35	49	1
36	23	1
36	35	1
36	37	1
36	50	1
37	38	1
37	51	1
37	24	1
37	36	1
38	25	1
38	37	1
38	39	1
39	26	1
39	38	1
39	40	1
40	27	1
40	39	1
41	42	1
42	41	1
42	43	1
43	52	1
43	44	1
43	29	1
43	42	1
44	30	1
44	43	1
44	45	1
44	53	1
45	54	1
45	31	1
45	44	1
45	46	1
46	55	1
46	47	1
46	45	1
46	32	1
47	56	1
47	33	1
47	46	1
47	48	1
48	49	1
48	57	1
48	34	1
48	47	1
49	50	1
49	58	1
49	35	1
49	48	1
50	36	1
50	49	1
50	51	1
50	59	1
51	37	1
51	50	1
51	60	1
52	43	1
52	53	1
52	65	1
53	66	1
53	54	1
53	52	1
53	44	1
54	45	1
54	53	1
54	55	1
54	67	1
55	68	1
55	46	1
55	54	1
55	56	1
56	69	1
56	57	1
56	47	1
56	55	1
57	48	1
57	56	1
57	58	1
57	70	1
58	49	1
58	57	1
58	59	1
58	71	1
59	60	1
59	72	1
59	50	1
59	58	1
60	51	1
60	59	1
60	61	1
60	73	1
61	60	1
61	62	1
61	74	1
62	61	1
62	75	1
63	64	1
63	77	1
64	63	1
64	78	1
65	66	1
65	52	1
66	53	1
66	65	1
66	67	1
67	54	1
67	66	1
67	68	1
67	81	1
68	55	1
68	67	1
68	69	1
68	82	1
69	83	1
69	70	1
69	56	1
69	68	1
70	57	1
70	69	1
70	71	1
70	84	1
71	85	1
71	58	1
71	70	1
71	72	1
72	86	1
72	73	1
72	59	1
72	71	1
73	60	1
73	72	1
73	74	1
73	87	1
74	61	1
74	73	1
74	75	1
74	88	1
75	89	1
75	76	1
75	62	1
75	74	1
76	75	1
76	90	1
77	63	1
77	78	1
77	92	1
78	64	1
78	77	1
78	79	1
78	93	1
79	78	1
79	94	1
80	96	1
81	99	1
81	67	1
81	82	1
82	68	1
82	81	1
82	83	1
82	100	1
83	69	1
83	82	1
83	84	1
83	101	1
84	83	1
84	70	1
84	85	1
84	102	1
85	103	1
85	86	1
85	71	1
85	84	1
86	104	1
86	72	1
86	85	1
86	87	1
87	105	1
87	88	1
87	73	1
87	86	1
88	106	1
88	89	1
88	74	1
88	87	1
89	75	1
89	88	1
89	90	1
89	107	1
90	76	1
90	89	1
90	108	1
91	109	1
91	92	1
92	77	1
92	91	1
92	93	1
92	110	1
93	94	1
93	111	1
93	78	1
93	92	1
94	95	1
94	112	1
94	79	1
94	93	1
95	113	1
95	96	1
95	94	1
96	80	1
96	95	1
96	97	1
96	114	1
97	96	1
97	98	1
97	115	1
98	97	1
98	99	1
98	116	1
99	117	1
99	100	1
99	81	1
99	98	1
100	82	1
100	99	1
100	101	1
100	118	1
101	119	1
101	83	1
101	100	1
101	102	1
102	120	1
102	103	1
102	84	1
102	101	1
103	85	1
103	102	1
103	104	1
103	121	1
104	86	1
104	103	1
104	105	1
104	122	1
105	106	1
105	123	1
105	87	1
105	104	1
106	88	1
106	105	1
106	107	1
106	124	1
107	108	1
107	89	1
107	106	1
107	125	1
108	126	1
108	90	1
108	107	1
109	132	1
109	91	1
109	110	1
110	92	1
110	109	1
110	111	1
110	133	1
111	93	1
111	110	1
111	112	1
111	134	1
112	135	1
112	113	1
112	94	1
112	111	1
113	95	1
113	112	1
113	114	1
113	136	1
114	96	1
114	113	1
114	115	1
114	137	1
115	116	1
115	138	1
115	114	1
115	97	1
116	98	1
116	115	1
116	117	1
116	139	1
117	140	1
117	99	1
117	116	1
117	118	1
118	100	1
118	117	1
118	119	1
118	141	1
119	120	1
119	142	1
119	101	1
119	118	1
120	121	1
120	143	1
120	102	1
120	119	1
121	122	1
121	144	1
121	103	1
121	120	1
122	123	1
122	145	1
122	104	1
122	121	1
123	146	1
123	124	1
123	122	1
123	105	1
124	106	1
124	123	1
124	125	1
124	147	1
125	107	1
125	124	1
125	126	1
125	148	1
126	149	1
126	127	1
126	125	1
126	108	1
127	126	1
127	128	1
127	150	1
128	127	1
128	129	1
128	151	1
129	128	1
129	152	1
132	133	1
132	156	1
132	109	1
133	110	1
133	132	1
133	134	1
133	157	1
134	111	1
134	133	1
134	135	1
134	158	1
135	159	1
135	136	1
135	134	1
135	112	1
136	113	1
136	135	1
136	137	1
136	160	1
137	114	1
137	136	1
137	138	1
137	161	1
138	139	1
138	162	1
138	115	1
138	137	1
139	140	1
139	163	1
139	116	1
139	138	1
140	117	1
140	139	1
140	141	1
140	164	1
141	118	1
141	140	1
141	142	1
141	165	1
142	143	1
142	166	1
142	119	1
142	141	1
143	142	1
143	144	1
143	167	1
143	120	1
144	121	1
144	143	1
144	145	1
144	168	1
145	122	1
145	144	1
145	146	1
145	169	1
146	147	1
146	170	1
146	145	1
146	123	1
147	124	1
147	146	1
147	148	1
147	171	1
148	125	1
148	147	1
148	149	1
148	172	1
149	173	1
149	150	1
149	148	1
149	126	1
150	127	1
150	149	1
150	151	1
150	174	1
151	128	1
151	150	1
151	152	1
151	175	1
152	153	1
152	176	1
152	129	1
152	151	1
153	177	1
153	152	1
155	156	1
155	181	1
156	132	1
156	155	1
156	157	1
156	182	1
157	133	1
157	156	1
157	158	1
157	183	1
158	184	1
158	159	1
158	157	1
158	134	1
159	135	1
159	158	1
159	160	1
159	185	1
160	136	1
160	159	1
160	161	1
160	186	1
161	162	1
161	187	1
161	137	1
161	160	1
162	138	1
162	161	1
162	163	1
162	188	1
163	139	1
163	162	1
163	164	1
163	189	1
164	165	1
164	190	1
164	140	1
164	163	1
165	141	1
165	164	1
165	166	1
165	191	1
166	142	1
166	165	1
166	167	1
166	192	1
167	193	1
167	143	1
167	166	1
167	168	1
168	194	1
168	169	1
168	144	1
168	167	1
169	145	1
169	168	1
169	170	1
169	195	1
170	146	1
170	169	1
170	171	1
170	196	1
171	197	1
171	172	1
171	170	1
171	147	1
172	148	1
172	171	1
172	173	1
172	198	1
173	149	1
173	172	1
173	174	1
173	199	1
174	175	1
174	200	1
174	150	1
174	173	1
175	201	1
175	176	1
175	151	1
175	174	1
176	152	1
176	175	1
176	177	1
176	202	1
177	153	1
177	176	1
177	178	1
177	203	1
178	204	1
178	177	1
179	209	1
180	181	1
180	210	1
181	155	1
181	180	1
181	182	1
181	211	1
182	181	1
182	183	1
182	156	1
182	212	1
183	213	1
183	182	1
183	157	1
183	184	1
184	158	1
184	183	1
184	185	1
184	214	1
185	159	1
185	184	1
185	186	1
185	215	1
186	160	1
186	185	1
186	187	1
186	216	1
187	217	1
187	188	1
187	161	1
187	186	1
188	162	1
188	187	1
188	189	1
188	218	1
189	163	1
189	188	1
189	190	1
189	219	1
190	220	1
190	191	1
190	164	1
190	189	1
191	165	1
191	190	1
191	192	1
191	221	1
192	166	1
192	191	1
192	193	1
192	222	1
193	194	1
193	223	1
193	192	1
193	167	1
194	168	1
194	193	1
194	195	1
194	224	1
195	169	1
195	194	1
195	196	1
195	225	1
196	226	1
196	195	1
196	170	1
196	197	1
197	171	1
197	196	1
197	198	1
197	227	1
198	172	1
198	197	1
198	199	1
198	228	1
199	229	1
199	200	1
199	173	1
199	198	1
200	174	1
200	199	1
200	201	1
200	230	1
201	175	1
201	200	1
201	202	1
201	231	1
202	232	1
202	203	1
202	201	1
202	176	1
203	177	1
203	202	1
203	204	1
203	233	1
204	178	1
204	203	1
204	205	1
204	234	1
205	235	1
205	204	1
206	207	1
206	237	1
207	206	1
207	208	1
207	238	1
208	207	1
208	209	1
208	239	1
209	179	1
209	208	1
210	211	1
210	180	1
210	240	1
211	241	1
211	212	1
211	210	1
211	181	1
212	182	1
212	211	1
212	213	1
212	242	1
213	183	1
213	212	1
213	214	1
213	243	1
214	184	1
214	213	1
214	215	1
214	244	1
215	245	1
215	216	1
215	185	1
215	214	1
216	186	1
216	215	1
216	217	1
216	246	1
217	187	1
217	216	1
217	218	1
217	247	1
218	248	1
218	219	1
218	188	1
218	217	1
219	189	1
219	218	1
219	220	1
219	249	1
220	190	1
220	219	1
220	221	1
220	250	1
221	222	1
221	251	1
221	220	1
221	191	1
222	192	1
222	221	1
222	223	1
222	252	1
223	193	1
223	222	1
223	224	1
223	253	1
224	254	1
224	225	1
224	223	1
224	194	1
225	195	1
225	224	1
225	226	1
225	255	1
226	196	1
226	225	1
226	227	1
226	256	1
227	257	1
227	228	1
227	226	1
227	197	1
228	198	1
228	227	1
228	229	1
228	258	1
229	199	1
229	228	1
229	230	1
229	259	1
230	231	1
230	260	1
230	200	1
230	229	1
231	201	1
231	230	1
231	232	1
231	261	1
232	202	1
232	231	1
232	233	1
232	262	1
233	263	1
233	234	1
233	203	1
233	232	1
234	204	1
234	233	1
234	235	1
234	264	1
235	205	1
235	234	1
235	236	1
235	265	1
236	266	1
236	235	1
236	237	1
237	238	1
237	267	1
237	206	1
237	236	1
238	237	1
238	239	1
238	207	1
238	268	1
239	238	1
239	208	1
240	210	1
240	241	1
240	269	1
241	211	1
241	240	1
241	242	1
241	270	1
242	212	1
242	241	1
242	243	1
242	271	1
243	272	1
243	244	1
243	213	1
243	242	1
244	214	1
244	243	1
244	245	1
244	273	1
245	274	1
245	215	1
245	244	1
245	246	1
246	275	1
246	247	1
246	216	1
246	245	1
247	217	1
247	246	1
247	248	1
247	276	1
248	218	1
248	247	1
248	249	1
248	277	1
249	278	1
249	250	1
249	219	1
249	248	1
250	220	1
250	249	1
250	251	1
250	279	1
251	221	1
251	250	1
251	252	1
251	280	1
252	253	1
252	222	1
252	251	1
252	281	1
253	282	1
253	254	1
253	223	1
253	252	1
254	224	1
254	253	1
254	255	1
254	283	1
255	225	1
255	254	1
255	256	1
255	284	1
256	257	1
256	285	1
256	255	1
256	226	1
257	227	1
257	256	1
257	258	1
257	286	1
258	228	1
258	257	1
258	259	1
258	287	1
259	288	1
259	260	1
259	258	1
259	229	1
260	230	1
260	259	1
260	261	1
260	289	1
261	231	1
261	260	1
261	262	1
261	290	1
262	291	1
262	263	1
262	261	1
262	232	1
263	233	1
263	262	1
263	264	1
263	292	1
264	234	1
264	263	1
264	265	1
264	293	1
265	266	1
265	294	1
265	235	1
265	264	1
266	295	1
266	267	1
266	265	1
266	236	1
267	237	1
267	266	1
267	268	1
267	296	1
268	238	1
268	267	1
269	240	1
269	270	1
270	297	1
270	271	1
270	241	1
270	269	1
271	242	1
271	270	1
271	272	1
272	243	1
272	271	1
272	273	1
272	298	1
273	244	1
273	272	1
273	274	1
273	299	1
274	300	1
274	275	1
274	245	1
274	273	1
275	246	1
275	274	1
275	276	1
275	301	1
276	247	1
276	275	1
276	277	1
276	302	1
277	303	1
277	278	1
277	276	1
277	248	1
278	249	1
278	277	1
278	279	1
278	304	1
279	305	1
279	250	1
279	278	1
279	280	1
280	281	1
280	306	1
280	251	1
280	279	1
281	307	1
281	282	1
281	252	1
281	280	1
282	253	1
282	281	1
282	283	1
282	308	1
283	254	1
283	282	1
283	284	1
283	309	1
284	285	1
284	310	1
284	283	1
284	255	1
285	256	1
285	284	1
285	286	1
285	311	1
286	257	1
286	285	1
286	287	1
286	312	1
287	313	1
287	288	1
287	286	1
287	258	1
288	259	1
288	287	1
288	289	1
288	314	1
289	260	1
289	288	1
289	290	1
289	315	1
290	316	1
290	291	1
290	289	1
290	261	1
291	262	1
291	290	1
291	292	1
291	317	1
292	263	1
292	291	1
292	293	1
292	318	1
293	292	1
293	294	1
293	264	1
293	319	1
294	320	1
294	295	1
294	293	1
294	265	1
295	266	1
295	294	1
295	296	1
295	321	1
296	267	1
296	295	1
296	322	1
297	270	1
298	272	1
298	299	1
298	324	1
299	325	1
299	300	1
299	273	1
299	298	1
300	274	1
300	299	1
300	301	1
300	326	1
301	275	1
301	300	1
301	302	1
301	327	1
302	328	1
302	303	1
302	276	1
302	301	1
303	277	1
303	302	1
303	304	1
303	329	1
304	330	1
304	278	1
304	303	1
304	305	1
305	331	1
305	306	1
305	304	1
305	279	1
306	332	1
306	280	1
306	305	1
306	307	1
307	308	1
307	333	1
307	281	1
307	306	1
308	309	1
308	334	1
308	282	1
308	307	1
309	283	1
309	308	1
309	310	1
309	335	1
310	284	1
310	309	1
310	311	1
310	336	1
311	312	1
311	337	1
311	285	1
311	310	1
312	286	1
312	311	1
312	313	1
312	338	1
313	287	1
313	312	1
313	314	1
313	339	1
314	288	1
314	313	1
314	315	1
314	340	1
315	341	1
315	316	1
315	289	1
315	314	1
316	290	1
316	315	1
316	317	1
316	342	1
317	291	1
317	316	1
317	318	1
317	343	1
318	344	1
318	319	1
318	317	1
318	292	1
319	293	1
319	318	1
319	320	1
319	345	1
320	294	1
320	319	1
320	321	1
321	322	1
321	346	1
321	295	1
321	320	1
322	321	1
322	347	1
322	296	1
323	324	1
323	348	1
324	298	1
324	323	1
324	325	1
324	349	1
325	299	1
325	324	1
325	326	1
325	350	1
326	351	1
326	327	1
326	300	1
326	325	1
327	301	1
327	326	1
327	328	1
327	352	1
328	353	1
328	302	1
328	327	1
328	329	1
329	330	1
329	354	1
329	303	1
329	328	1
330	304	1
330	329	1
330	331	1
330	355	1
331	305	1
331	330	1
331	332	1
331	356	1
332	333	1
332	357	1
332	306	1
332	331	1
333	307	1
333	332	1
333	334	1
333	358	1
334	308	1
334	333	1
334	335	1
334	359	1
335	309	1
335	334	1
335	336	1
335	360	1
336	361	1
336	335	1
336	310	1
336	337	1
337	311	1
337	336	1
337	338	1
337	362	1
338	312	1
338	337	1
338	339	1
338	363	1
339	364	1
339	340	1
339	338	1
339	313	1
340	314	1
340	339	1
340	341	1
340	365	1
341	315	1
341	340	1
341	342	1
341	366	1
342	367	1
342	343	1
342	316	1
342	341	1
343	317	1
343	342	1
343	344	1
343	368	1
344	369	1
344	318	1
344	343	1
344	345	1
345	344	1
345	319	1
346	321	1
346	347	1
347	322	1
347	346	1
348	370	1
348	323	1
348	349	1
349	350	1
349	371	1
349	324	1
349	348	1
350	349	1
350	351	1
350	325	1
350	372	1
351	373	1
351	350	1
351	326	1
351	352	1
352	327	1
352	351	1
352	353	1
352	374	1
353	328	1
353	352	1
353	354	1
353	375	1
354	329	1
354	353	1
354	355	1
354	376	1
355	377	1
355	356	1
355	330	1
355	354	1
356	331	1
356	355	1
356	357	1
356	378	1
357	332	1
357	356	1
357	358	1
357	379	1
358	380	1
358	359	1
358	333	1
358	357	1
359	334	1
359	358	1
359	360	1
359	381	1
360	335	1
360	359	1
360	361	1
360	382	1
361	362	1
361	383	1
361	360	1
361	336	1
362	337	1
362	361	1
362	363	1
362	384	1
363	338	1
363	362	1
363	364	1
363	385	1
364	386	1
364	365	1
364	363	1
364	339	1
365	340	1
365	364	1
365	366	1
365	387	1
366	341	1
366	365	1
366	367	1
366	388	1
367	368	1
367	366	1
367	342	1
368	343	1
368	367	1
368	369	1
368	389	1
369	344	1
369	368	1
369	390	1
370	348	1
370	371	1
371	372	1
371	391	1
371	349	1
371	370	1
372	350	1
372	371	1
372	373	1
372	392	1
373	351	1
373	372	1
373	374	1
373	393	1
374	375	1
374	394	1
374	352	1
374	373	1
375	353	1
375	374	1
375	376	1
375	395	1
376	354	1
376	375	1
376	377	1
376	396	1
377	397	1
377	355	1
377	376	1
377	378	1
378	398	1
378	379	1
378	377	1
378	356	1
379	357	1
379	378	1
379	380	1
379	399	1
380	358	1
380	379	1
380	381	1
381	359	1
381	380	1
381	382	1
381	400	1
382	401	1
382	383	1
382	360	1
382	381	1
383	361	1
383	382	1
383	384	1
383	402	1
384	362	1
384	383	1
384	385	1
384	403	1
385	404	1
385	386	1
385	384	1
385	363	1
386	364	1
386	385	1
386	387	1
386	405	1
387	365	1
387	386	1
387	388	1
387	406	1
388	366	1
388	387	1
388	407	1
389	409	1
389	368	1
389	390	1
390	369	1
390	389	1
391	371	1
391	392	1
392	372	1
392	391	1
392	393	1
392	410	1
393	394	1
393	411	1
393	392	1
393	373	1
394	374	1
394	393	1
394	395	1
394	412	1
395	375	1
395	394	1
395	396	1
395	413	1
396	414	1
396	397	1
396	395	1
396	376	1
397	377	1
397	396	1
397	398	1
397	415	1
398	378	1
398	397	1
398	399	1
398	416	1
399	417	1
399	379	1
399	398	1
400	381	1
400	401	1
401	382	1
401	400	1
401	402	1
401	419	1
402	403	1
402	383	1
402	401	1
402	420	1
403	384	1
403	402	1
403	404	1
403	421	1
404	405	1
404	422	1
404	385	1
404	403	1
405	406	1
405	423	1
405	386	1
405	404	1
406	407	1
406	424	1
406	387	1
406	405	1
407	425	1
407	408	1
407	406	1
407	388	1
408	407	1
408	409	1
408	426	1
409	389	1
409	408	1
409	427	1
410	392	1
410	411	1
410	430	1
411	431	1
411	412	1
411	410	1
411	393	1
412	394	1
412	411	1
412	413	1
412	432	1
413	395	1
413	412	1
413	414	1
413	433	1
414	434	1
414	415	1
414	413	1
414	396	1
415	397	1
415	414	1
415	416	1
415	435	1
416	398	1
416	415	1
416	417	1
416	436	1
417	437	1
417	418	1
417	399	1
417	416	1
418	417	1
418	438	1
419	401	1
419	420	1
419	440	1
420	441	1
420	402	1
420	419	1
420	421	1
421	442	1
421	422	1
421	403	1
421	420	1
422	404	1
422	421	1
422	423	1
422	443	1
423	405	1
423	422	1
423	424	1
423	444	1
424	425	1
424	445	1
424	423	1
424	406	1
425	407	1
425	424	1
425	426	1
426	408	1
426	425	1
426	427	1
427	409	1
427	426	1
427	428	1
428	427	1
428	429	1
429	428	1
430	410	1
430	431	1
431	411	1
431	430	1
431	432	1
431	446	1
432	412	1
432	431	1
432	433	1
432	447	1
433	434	1
433	413	1
433	432	1
434	414	1
434	433	1
434	435	1
434	448	1
435	449	1
435	415	1
435	434	1
435	436	1
436	437	1
436	450	1
436	416	1
436	435	1
437	451	1
437	438	1
437	436	1
437	417	1
438	418	1
438	437	1
438	439	1
438	452	1
439	438	1
439	440	1
439	453	1
440	439	1
440	441	1
440	419	1
441	420	1
441	440	1
441	442	1
442	421	1
442	441	1
442	443	1
443	422	1
443	442	1
443	444	1
444	443	1
444	423	1
444	445	1
445	444	1
445	424	1
446	431	1
446	447	1
447	432	1
447	446	1
447	454	1
448	434	1
448	449	1
448	455	1
449	456	1
449	450	1
449	448	1
449	435	1
450	436	1
450	449	1
450	451	1
450	457	1
451	437	1
451	450	1
451	452	1
451	458	1
452	453	1
452	459	1
452	438	1
452	451	1
453	452	1
453	439	1
454	447	1
455	448	1
455	456	1
455	460	1
456	449	1
456	455	1
456	457	1
456	461	1
457	458	1
457	462	1
457	450	1
457	456	1
458	451	1
458	457	1
458	459	1
458	463	1
459	452	1
459	458	1
459	464	1
460	465	1
460	455	1
460	461	1
461	466	1
461	462	1
461	456	1
461	460	1
462	457	1
462	461	1
462	463	1
462	467	1
463	458	1
463	462	1
463	464	1
463	468	1
464	463	1
464	459	1
465	469	1
465	460	1
465	466	1
466	461	1
466	465	1
466	467	1
466	470	1
467	468	1
467	462	1
467	466	1
467	471	1
468	467	1
468	463	1
468	472	1
469	465	1
469	470	1
470	469	1
470	466	1
470	471	1
471	470	1
471	467	1
471	472	1
472	468	1
472	471	1
2	99999	1
3	99999	1
4	99999	1
5	99999	1
6	99999	1
7	99999	1
9	99999	1
10	99999	1
11	99999	1
12	99999	1
13	99999	1
14	99999	1
15	99999	1
16	99999	1
17	99999	1
18	99999	1
19	99999	1
20	99999	1
21	99999	1
22	99999	1
23	99999	1
24	99999	1
25	99999	1
26	99999	1
27	99999	1
28	99999	1
29	99999	1
30	99999	1
31	99999	1
32	99999	1
33	99999	1
34	99999	1
35	99999	1
36	99999	1
37	99999	1
38	99999	1
39	99999	1
40	99999	1
41	99999	1
42	99999	1
43	99999	1
44	99999	1
45	99999	1
46	99999	1
47	99999	1
48	99999	1
49	99999	1
50	99999	1
51	99999	1
52	99999	1
53	99999	1
54	99999	1
55	99999	1
56	99999	1
57	99999	1
58	99999	1
59	99999	1
60	99999	1
61	99999	1
62	99999	1
63	99999	1
64	99999	1
65	99999	1
66	99999	1
67	99999	1
68	99999	1
69	99999	1
70	99999	1
71	99999	1
72	99999	1
73	99999	1
74	99999	1
75	99999	1
76	99999	1
77	99999	1
78	99999	1
79	99999	1
80	99999	1
81	99999	1
82	99999	1
83	99999	1
84	99999	1
85	99999	1
86	99999	1
87	99999	1
88	99999	1
89	99999	1
90	99999	1
91	99999	1
92	99999	1
93	99999	1
94	99999	1
95	99999	1
96	99999	1
97	99999	1
98	99999	1
99	99999	1
100	99999	1
101	99999	1
102	99999	1
103	99999	1
104	99999	1
105	99999	1
106	99999	1
107	99999	1
108	99999	1
109	99999	1
110	99999	1
111	99999	1
112	99999	1
113	99999	1
114	99999	1
115	99999	1
116	99999	1
117	99999	1
118	99999	1
119	99999	1
120	99999	1
121	99999	1
122	99999	1
123	99999	1
124	99999	1
125	99999	1
126	99999	1
127	99999	1
128	99999	1
129	99999	1
132	99999	1
133	99999	1
134	99999	1
135	99999	1
136	99999	1
137	99999	1
138	99999	1
139	99999	1
140	99999	1
141	99999	1
142	99999	1
143	99999	1
144	99999	1
145	99999	1
146	99999	1
147	99999	1
148	99999	1
149	99999	1
150	99999	1
151	99999	1
152	99999	1
153	99999	1
155	99999	1
156	99999	1
157	99999	1
158	99999	1
159	99999	1
160	99999	1
161	99999	1
162	99999	1
163	99999	1
164	99999	1
165	99999	1
166	99999	1
167	99999	1
168	99999	1
169	99999	1
170	99999	1
171	99999	1
172	99999	1
173	99999	1
174	99999	1
175	99999	1
176	99999	1
177	99999	1
178	99999	1
179	99999	1
180	99999	1
181	99999	1
182	99999	1
183	99999	1
184	99999	1
185	99999	1
186	99999	1
187	99999	1
188	99999	1
189	99999	1
190	99999	1
191	99999	1
192	99999	1
193	99999	1
194	99999	1
195	99999	1
196	99999	1
197	99999	1
198	99999	1
199	99999	1
200	99999	1
201	99999	1
202	99999	1
203	99999	1
204	99999	1
205	99999	1
206	99999	1
207	99999	1
208	99999	1
209	99999	1
210	99999	1
211	99999	1
212	99999	1
213	99999	1
214	99999	1
215	99999	1
216	99999	1
217	99999	1
218	99999	1
219	99999	1
220	99999	1
221	99999	1
222	99999	1
223	99999	1
224	99999	1
225	99999	1
226	99999	1
227	99999	1
228	99999	1
229	99999	1
230	99999	1
231	99999	1
232	99999	1
233	99999	1
234	99999	1
235	99999	1
236	99999	1
237	99999	1
238	99999	1
239	99999	1
240	99999	1
241	99999	1
242	99999	1
243	99999	1
244	99999	1
245	99999	1
246	99999	1
247	99999	1
248	99999	1
249	99999	1
250	99999	1
251	99999	1
252	99999	1
253	99999	1
254	99999	1
255	99999	1
256	99999	1
257	99999	1
258	99999	1
259	99999	1
260	99999	1
261	99999	1
262	99999	1
263	99999	1
264	99999	1
265	99999	1
266	99999	1
267	99999	1
268	99999	1
269	99999	1
270	99999	1
271	99999	1
272	99999	1
273	99999	1
274	99999	1
275	99999	1
276	99999	1
277	99999	1
278	99999	1
279	99999	1
280	99999	1
281	99999	1
282	99999	1
283	99999	1
284	99999	1
285	99999	1
286	99999	1
287	99999	1
288	99999	1
289	99999	1
290	99999	1
291	99999	1
292	99999	1
293	99999	1
294	99999	1
295	99999	1
296	99999	1
297	99999	1
298	99999	1
299	99999	1
300	99999	1
301	99999	1
302	99999	1
303	99999	1
304	99999	1
305	99999	1
306	99999	1
307	99999	1
308	99999	1
309	99999	1
310	99999	1
311	99999	1
312	99999	1
313	99999	1
314	99999	1
315	99999	1
316	99999	1
317	99999	1
318	99999	1
319	99999	1
320	99999	1
321	99999	1
322	99999	1
323	99999	1
324	99999	1
325	99999	1
326	99999	1
327	99999	1
328	99999	1
329	99999	1
330	99999	1
331	99999	1
332	99999	1
333	99999	1
334	99999	1
335	99999	1
336	99999	1
337	99999	1
338	99999	1
339	99999	1
340	99999	1
341	99999	1
342	99999	1
343	99999	1
344	99999	1
345	99999	1
346	99999	1
347	99999	1
348	99999	1
349	99999	1
350	99999	1
351	99999	1
352	99999	1
353	99999	1
354	99999	1
355	99999	1
356	99999	1
357	99999	1
358	99999	1
359	99999	1
360	99999	1
361	99999	1
362	99999	1
363	99999	1
364	99999	1
365	99999	1
366	99999	1
367	99999	1
368	99999	1
369	99999	1
370	99999	1
371	99999	1
372	99999	1
373	99999	1
374	99999	1
375	99999	1
376	99999	1
377	99999	1
378	99999	1
379	99999	1
380	99999	1
381	99999	1
382	99999	1
383	99999	1
384	99999	1
385	99999	1
386	99999	1
387	99999	1
388	99999	1
389	99999	1
390	99999	1
391	99999	1
392	99999	1
393	99999	1
394	99999	1
395	99999	1
396	99999	1
397	99999	1
398	99999	1
399	99999	1
400	99999	1
401	99999	1
402	99999	1
403	99999	1
404	99999	1
405	99999	1
406	99999	1
407	99999	1
408	99999	1
409	99999	1
410	99999	1
411	99999	1
412	99999	1
413	99999	1
414	99999	1
415	99999	1
416	99999	1
417	99999	1
418	99999	1
419	99999	1
420	99999	1
421	99999	1
422	99999	1
423	99999	1
424	99999	1
425	99999	1
426	99999	1
427	99999	1
428	99999	1
429	99999	1
430	99999	1
431	99999	1
432	99999	1
433	99999	1
434	99999	1
435	99999	1
436	99999	1
437	99999	1
438	99999	1
439	99999	1
440	99999	1
441	99999	1
442	99999	1
443	99999	1
444	99999	1
445	99999	1
446	99999	1
447	99999	1
448	99999	1
449	99999	1
450	99999	1
451	99999	1
452	99999	1
453	99999	1
454	99999	1
455	99999	1
456	99999	1
457	99999	1
458	99999	1
459	99999	1
460	99999	1
461	99999	1
462	99999	1
463	99999	1
464	99999	1
465	99999	1
466	99999	1
467	99999	1
468	99999	1
469	99999	1
470	99999	1
471	99999	1
472	99999	1